1.000000	0.000089	0.000149	0.000380	0.000041	-0.000607	0.000178	0.000810	-0.000682	0.000070	0.000167	0.000271	0.000199	0.000144	0.000802	0.000039	0.000281	0.000053	0.000144	0.000374	-0.000239	0.000126	-0.000152	0.000163	0.000409	-0.000015	0.000185	-0.000149	0.000013	-0.000179	-0.000385	-0.000389	-0.000739	0.000062	-0.000149	-0.000075	-0.000621	-0.000746	-0.000861	-0.000260	-0.000116	-0.000062	0.000355	-0.000355	-0.000038	0.000060	0.000083	-0.000148	-0.000368	0.000324	-0.000263	-0.000960	-0.000129	-0.000150	-0.000404	-0.000546	-0.000373	-0.000792	-0.000935	-0.000029	0.000387	-0.000011	0.001185	0.000139	0.000137	-0.000099	-0.001448	-0.000103	0.000312	-0.000045	0.000304	-0.000250	-0.000313	-0.000887	0.000023	0.000080	-0.000013	-0.000362	0.000843	0.000008	-0.000314	-0.000114	0.000003	-0.000246	0.000108	-0.000045	-0.000136	-0.000108	-0.000297	0.000332	0.000407
0.000089	1.000000	0.898155	0.628603	0.879051	0.703627	0.903940	0.753010	0.575034	0.914477	0.751228	0.608900	0.789158	0.539513	0.429347	0.932887	0.482097	0.669178	0.782011	0.815889	0.743061	0.900303	0.815384	0.720667	0.547351	0.808263	0.864490	0.878492	0.838821	0.918731	0.626361	0.678311	0.896650	0.778077	0.631926	0.820805	0.743793	0.930813	0.826304	0.842114	0.782000	0.906289	0.468867	0.905797	-0.259693	0.292035	-0.161646	0.348524	0.419379	0.374342	0.051464	0.229361	0.100982	0.033243	0.073634	-0.127099	0.167966	0.388574	0.495923	0.231694	-0.147400	0.560769	-0.433620	0.083954	-0.146663	-0.102571	0.083821	-0.465391	-0.554307	-0.138553	-0.384133	-0.043347	0.006850	-0.160467	0.281450	-0.576798	-0.020652	0.125926	0.133447	-0.349421	-0.340306	0.114389	-0.059740	-0.027183	-0.090817	-0.173542	-0.094386	-0.019794	-0.171259	-0.476121	-0.195225
0.000149	0.898155	1.000000	0.696742	0.879418	0.703870	0.866357	0.738519	0.575876	0.874233	0.737044	0.617028	0.841228	0.583516	0.454945	0.865038	0.536456	0.636398	0.739977	0.768630	0.690685	0.844453	0.747537	0.634304	0.501722	0.738807	0.809086	0.820281	0.773141	0.897626	0.572149	0.643175	0.855285	0.734050	0.581838	0.783836	0.739068	0.868118	0.801636	0.798732	0.730698	0.841091	0.434189	0.844332	-0.270359	0.265951	-0.046837	0.423663	0.465722	0.389371	0.071707	0.274245	0.134661	0.044108	0.151035	-0.031496	0.223975	0.504497	0.588281	0.274043	-0.021262	0.590171	-0.378427	0.094161	-0.036244	-0.007590	0.159970	-0.399184	-0.518640	-0.025638	-0.326509	0.038288	0.086951	-0.071465	0.339175	-0.503741	0.057114	0.221290	0.227831	-0.277552	-0.227288	0.183149	0.055563	-0.068999	0.049470	-0.071838	0.012554	0.079555	-0.054002	-0.397715	-0.065731
0.000380	0.628603	0.696742	1.000000	0.738141	0.789696	0.612837	0.782817	0.760824	0.604035	0.326607	0.794914	0.808400	0.828474	0.753871	0.522873	0.805860	0.329844	0.375249	0.316950	0.286279	0.569555	0.386557	0.313408	0.017182	0.375517	0.428728	0.515117	0.400066	0.536288	0.110483	0.197156	0.670947	0.303661	0.102168	0.406404	0.822538	0.523281	0.726363	0.361979	0.320367	0.448530	-0.008402	0.442811	-0.560464	-0.163761	-0.134668	0.298005	0.590795	0.354123	0.343501	0.270904	0.237995	0.268474	0.124254	-0.183768	0.506531	0.521656	0.724725	0.614071	0.086917	0.750998	-0.505851	-0.271620	-0.146354	-0.000316	0.127696	-0.509709	-0.625849	-0.138522	-0.498973	-0.190846	-0.097584	-0.146322	0.169681	-0.440798	-0.170861	0.162338	0.038351	-0.465941	-0.232490	0.337325	0.142545	0.005909	-0.030071	-0.126939	-0.082506	0.021571	-0.120778	-0.307410	-0.034917
0.000041	0.879051	0.879418	0.738141	1.000000	0.763808	0.845612	0.789924	0.661924	0.846788	0.626460	0.703401	0.845804	0.671909	0.558182	0.829250	0.633170	0.530577	0.662301	0.675223	0.613220	0.823590	0.673869	0.574900	0.385504	0.666128	0.740801	0.779913	0.712830	0.828007	0.467302	0.547387	0.858126	0.649496	0.459139	0.696882	0.807231	0.827926	0.826074	0.710946	0.651980	0.778593	0.329488	0.778355	-0.359102	0.155523	-0.108988	0.421847	0.550778	0.452745	0.210888	0.335482	0.225417	0.175216	0.174025	-0.097110	0.339958	0.515759	0.645894	0.397047	-0.004504	0.680618	-0.441706	-0.022717	-0.100545	-0.001160	0.177932	-0.476265	-0.592979	-0.106719	-0.414633	-0.048545	0.029706	-0.099239	0.333632	-0.558147	-0.040576	0.216604	0.165675	-0.389101	-0.265609	0.272028	0.082667	0.028588	-0.021612	-0.105079	-0.027747	0.068905	-0.101953	-0.451127	-0.098972
-0.000607	0.703627	0.703870	0.789696	0.763808	1.000000	0.666809	0.836672	0.816543	0.658940	0.347088	0.826781	0.776948	0.797825	0.766421	0.580119	0.758977	0.358532	0.406666	0.354635	0.322864	0.633302	0.447596	0.385510	0.044200	0.445827	0.477835	0.574788	0.453496	0.575520	0.142709	0.220405	0.737344	0.337797	0.145664	0.456992	0.874123	0.579289	0.795674	0.398011	0.359238	0.503854	0.008953	0.496989	-0.586955	-0.162006	-0.268460	0.192631	0.541935	0.305914	0.292212	0.203756	0.168575	0.228874	0.022364	-0.309083	0.412921	0.397629	0.630590	0.556077	-0.065359	0.727380	-0.600550	-0.311738	-0.283991	-0.123585	0.024378	-0.620125	-0.702638	-0.267864	-0.592591	-0.295816	-0.198648	-0.269613	0.085713	-0.534928	-0.267332	0.057929	-0.063182	-0.575454	-0.368059	0.231948	-0.002240	0.016901	-0.185057	-0.255530	-0.216914	-0.110087	-0.262214	-0.386595	-0.177251
0.000178	0.903940	0.866357	0.612837	0.845612	0.666809	1.000000	0.701612	0.529942	0.872160	0.734752	0.577139	0.761041	0.518515	0.404842	0.891304	0.467339	0.621442	0.753804	0.793812	0.723620	0.857000	0.768643	0.669556	0.548248	0.758646	0.834568	0.836004	0.807238	0.885137	0.615600	0.673422	0.844355	0.766685	0.615626	0.786520	0.699597	0.887643	0.787933	0.819263	0.766731	0.867465	0.481157	0.869655	-0.235701	0.311584	-0.106246	0.401940	0.439139	0.411365	0.076974	0.283831	0.145140	0.064027	0.139213	-0.066000	0.189861	0.431872	0.514567	0.235235	-0.083599	0.549103	-0.390951	0.109171	-0.088542	-0.038505	0.143799	-0.428624	-0.534057	-0.091474	-0.344702	0.011639	0.061099	-0.100721	0.338995	-0.556617	0.021679	0.187065	0.190752	-0.313956	-0.282154	0.161822	0.005779	-0.001683	-0.033730	-0.111225	-0.028106	0.045544	-0.108940	-0.467082	-0.138852
0.000810	0.753010	0.738519	0.782817	0.789924	0.836672	0.701612	1.000000	0.799460	0.697066	0.405781	0.821811	0.786509	0.777732	0.737150	0.631757	0.715957	0.406663	0.458010	0.414427	0.379356	0.682311	0.501871	0.437463	0.100310	0.495975	0.534049	0.623001	0.508190	0.632595	0.198865	0.275561	0.778165	0.394848	0.207420	0.507548	0.877805	0.629984	0.819385	0.458489	0.414497	0.563859	0.056856	0.557815	-0.562150	-0.119803	-0.268156	0.189648	0.503004	0.294229	0.242731	0.189140	0.137590	0.179654	0.002463	-0.308512	0.363916	0.378166	0.595326	0.492969	-0.092579	0.696627	-0.602908	-0.277084	-0.291296	-0.141151	0.009746	-0.615296	-0.696475	-0.262841	-0.583331	-0.283161	-0.189292	-0.276707	0.087723	-0.541956	-0.248461	0.049716	-0.053703	-0.562813	-0.379835	0.190629	-0.034259	-0.006611	-0.186629	-0.263285	-0.222351	-0.117956	-0.268207	-0.395453	-0.193787
-0.000682	0.575034	0.575876	0.760824	0.661924	0.816543	0.529942	0.799460	1.000000	0.526481	0.194841	0.831203	0.704011	0.810135	0.812916	0.425538	0.776460	0.242863	0.261414	0.183410	0.169307	0.505410	0.308602	0.266691	-0.121030	0.304445	0.323556	0.441938	0.303782	0.423560	-0.024202	0.055474	0.632555	0.172898	-0.016309	0.306400	0.846938	0.425448	0.716677	0.228395	0.202570	0.345915	-0.148993	0.333954	-0.663548	-0.308214	-0.314932	0.091282	0.508896	0.230577	0.328482	0.147378	0.146334	0.250682	-0.034888	-0.376975	0.438805	0.332198	0.596902	0.599692	-0.068347	0.710372	-0.635915	-0.434225	-0.343897	-0.153410	-0.035655	-0.642021	-0.708506	-0.318416	-0.635375	-0.387857	-0.285974	-0.314628	-0.020708	-0.484487	-0.352475	-0.006864	-0.159773	-0.623038	-0.378394	0.216866	-0.024259	0.019753	-0.236556	-0.293047	-0.279439	-0.166061	-0.304984	-0.327388	-0.191201
0.000070	0.914477	0.874233	0.604035	0.846788	0.658940	0.872160	0.697066	0.526481	1.000000	0.753737	0.566006	0.763370	0.505573	0.386383	0.903914	0.454537	0.635859	0.766215	0.814373	0.743686	0.869909	0.785046	0.680060	0.572804	0.776450	0.849806	0.850832	0.821606	0.900500	0.640483	0.694356	0.857133	0.782524	0.640247	0.797756	0.691889	0.902614	0.786598	0.839157	0.778496	0.883743	0.504088	0.886596	-0.220970	0.332603	-0.103071	0.407252	0.431459	0.410939	0.061433	0.283992	0.140451	0.051546	0.142829	-0.061035	0.173109	0.431593	0.503741	0.218430	-0.090881	0.540491	-0.386043	0.131549	-0.081709	-0.038879	0.146507	-0.423803	-0.529095	-0.082948	-0.335906	0.021643	0.073362	-0.093726	0.347502	-0.561365	0.033694	0.192878	0.198579	-0.303188	-0.279027	0.153960	0.001217	-0.004289	-0.029388	-0.111965	-0.022581	0.048844	-0.104746	-0.467741	-0.141865
0.000167	0.751228	0.737044	0.326607	0.626460	0.347088	0.734752	0.405781	0.194841	0.753737	1.000000	0.234646	0.543978	0.183756	0.051603	0.805549	0.137002	0.742296	0.801224	0.884251	0.806912	0.742109	0.798447	0.709533	0.800121	0.792200	0.831361	0.768453	0.813079	0.842645	0.809845	0.821493	0.658543	0.847077	0.832293	0.819365	0.366443	0.809411	0.546755	0.886053	0.828980	0.851169	0.709881	0.859561	0.097442	0.605369	0.021452	0.387478	0.187540	0.281370	-0.188969	0.175827	-0.007361	-0.174247	0.118192	0.127183	-0.082263	0.336520	0.270301	-0.088202	-0.118921	0.255503	-0.116885	0.412393	0.083856	-0.002680	0.120246	-0.153882	-0.250302	0.073179	-0.050984	0.229952	0.215019	0.027354	0.357084	-0.389668	0.233646	0.184852	0.294993	0.013041	-0.149165	-0.014600	-0.046499	-0.116008	0.104556	-0.000303	0.089744	0.098095	0.022299	-0.333444	-0.078597
0.000271	0.608900	0.617028	0.794914	0.703401	0.826781	0.577139	0.821811	0.831203	0.566006	0.234646	1.000000	0.739184	0.828553	0.803198	0.480145	0.790132	0.263566	0.305163	0.235756	0.219347	0.533402	0.347240	0.297627	-0.069574	0.338056	0.368377	0.479359	0.348378	0.467249	0.030047	0.108587	0.659178	0.223117	0.028350	0.347897	0.856178	0.474815	0.738120	0.281207	0.247916	0.393883	-0.094929	0.382300	-0.631626	-0.255070	-0.275476	0.164759	0.565550	0.302634	0.369181	0.210475	0.202996	0.297117	0.030038	-0.326194	0.473745	0.395044	0.644485	0.619629	-0.031088	0.754572	-0.602074	-0.391778	-0.300839	-0.103133	0.027462	-0.621346	-0.700775	-0.287962	-0.610732	-0.340897	-0.237309	-0.266435	0.053896	-0.507366	-0.319997	0.044865	-0.110199	-0.598999	-0.350414	0.276624	0.028750	0.055498	-0.200688	-0.257331	-0.226750	-0.108053	-0.263900	-0.359961	-0.168440
0.000199	0.789158	0.841228	0.808400	0.845804	0.776948	0.761041	0.786509	0.704011	0.763370	0.543978	0.739184	1.000000	0.735570	0.633247	0.714941	0.703928	0.500992	0.567410	0.549321	0.494564	0.728244	0.584387	0.487661	0.254670	0.570244	0.631645	0.684528	0.598549	0.736734	0.341557	0.420901	0.789652	0.525225	0.343194	0.605886	0.816221	0.715162	0.793905	0.591731	0.532991	0.659523	0.206095	0.656916	-0.429085	0.043532	-0.097902	0.379740	0.552692	0.394501	0.219978	0.288527	0.194532	0.166666	0.149097	-0.095118	0.385481	0.536466	0.680590	0.463700	0.043573	0.701874	-0.453906	-0.097943	-0.086823	0.004773	0.152235	-0.465040	-0.582686	-0.084785	-0.422483	-0.077270	-0.003652	-0.104648	0.268770	-0.485438	-0.058286	0.203487	0.140243	-0.378469	-0.231648	0.276380	0.108003	-0.028391	0.015714	-0.095585	-0.031175	0.060058	-0.084890	-0.357580	-0.044224
0.000144	0.539513	0.583516	0.828474	0.671909	0.797825	0.518515	0.777732	0.810135	0.505573	0.183756	0.828553	0.735570	1.000000	0.828337	0.417913	0.843026	0.215469	0.256720	0.173598	0.164798	0.481385	0.283226	0.230188	-0.123620	0.272930	0.308936	0.418002	0.286857	0.406636	-0.022407	0.055567	0.597553	0.169284	-0.035081	0.283409	0.825128	0.416344	0.686384	0.218156	0.191831	0.327339	-0.136269	0.315476	-0.627666	-0.283724	-0.202489	0.209264	0.606798	0.333689	0.426304	0.256056	0.260930	0.345908	0.085694	-0.258084	0.565021	0.464790	0.702480	0.692818	0.066985	0.772089	-0.546838	-0.388574	-0.221945	-0.030511	0.088402	-0.559368	-0.654674	-0.217432	-0.562347	-0.288054	-0.184438	-0.196846	0.091411	-0.449031	-0.271947	0.101957	-0.059326	-0.543374	-0.271727	0.358475	0.121431	0.063110	-0.117124	-0.177462	-0.153037	-0.035103	-0.185667	-0.312341	-0.083749
0.000802	0.429347	0.454945	0.753871	0.558182	0.766421	0.404842	0.737150	0.812916	0.386383	0.051603	0.803198	0.633247	0.828337	1.000000	0.282600	0.802717	0.124198	0.130789	0.029655	0.032334	0.370425	0.171362	0.139782	-0.254072	0.164010	0.176224	0.305437	0.159706	0.271186	-0.158560	-0.084247	0.506538	0.028149	-0.162731	0.167043	0.780081	0.281566	0.617496	0.072228	0.061139	0.192289	-0.268723	0.178247	-0.700643	-0.408650	-0.295377	0.062848	0.530825	0.221146	0.417102	0.155489	0.189539	0.328143	-0.015980	-0.368806	0.527689	0.339029	0.606499	0.681735	-0.007029	0.714311	-0.606036	-0.508327	-0.327405	-0.116001	-0.018429	-0.612466	-0.680277	-0.309538	-0.629220	-0.412271	-0.307002	-0.289925	-0.051613	-0.424933	-0.381355	-0.009714	-0.188739	-0.618260	-0.328797	0.280881	0.036804	0.052930	-0.221849	-0.270894	-0.262260	-0.149223	-0.280683	-0.269865	-0.147575
0.000039	0.932887	0.865038	0.522873	0.829250	0.580119	0.891304	0.631757	0.425538	0.903914	0.805549	0.480145	0.714941	0.417913	0.282600	1.000000	0.373863	0.666013	0.826109	0.901184	0.830077	0.893188	0.843682	0.734977	0.686426	0.835053	0.908436	0.883923	0.892867	0.932832	0.745758	0.789583	0.845853	0.864437	0.732154	0.844473	0.611271	0.960948	0.746533	0.919278	0.858514	0.953792	0.610373	0.955510	-0.115938	0.453626	-0.069282	0.461588	0.421174	0.462880	0.051981	0.322472	0.172227	0.059005	0.182658	0.003771	0.150200	0.430584	0.468563	0.162791	-0.088292	0.494550	-0.310656	0.227933	-0.034685	-0.010093	0.190799	-0.362320	-0.466788	-0.054565	-0.268184	0.092475	0.131696	-0.046598	0.421233	-0.563035	0.087481	0.218729	0.244032	-0.238699	-0.252279	0.166287	0.013726	0.040115	-0.013074	-0.071243	0.025837	0.093179	-0.070335	-0.500864	-0.141328
0.000281	0.482097	0.536456	0.805860	0.633170	0.758977	0.467339	0.715957	0.776460	0.454537	0.137002	0.790132	0.703928	0.843026	0.802717	0.373863	1.000000	0.157615	0.216051	0.136098	0.127548	0.429948	0.233184	0.181683	-0.148579	0.227102	0.259510	0.366563	0.244690	0.356716	-0.054891	0.023063	0.546062	0.130083	-0.074358	0.237787	0.771494	0.374152	0.627982	0.178468	0.154540	0.282111	-0.159723	0.268496	-0.611836	-0.291887	-0.158459	0.250225	0.646306	0.381045	0.491464	0.305649	0.322553	0.411129	0.146107	-0.205544	0.619711	0.495866	0.734312	0.743465	0.140664	0.786726	-0.478553	-0.385681	-0.163978	0.037516	0.147418	-0.505957	-0.609902	-0.176281	-0.519533	-0.254034	-0.147127	-0.135928	0.137912	-0.417662	-0.253305	0.139894	-0.034307	-0.503175	-0.210779	0.433580	0.194979	0.109180	-0.075864	-0.123631	-0.095535	0.027664	-0.127299	-0.293673	-0.035904
0.000053	0.669178	0.636398	0.329844	0.530577	0.358532	0.621442	0.406663	0.242863	0.635859	0.742296	0.263566	0.500992	0.215469	0.124198	0.666013	0.157615	1.000000	0.694028	0.725334	0.656570	0.629273	0.751657	0.736495	0.652869	0.732676	0.697316	0.669551	0.684912	0.710470	0.673055	0.645366	0.578132	0.676090	0.723483	0.737686	0.390229	0.678455	0.505115	0.724147	0.669953	0.714303	0.542664	0.711625	0.026169	0.461429	-0.152504	0.138034	0.063620	0.077539	-0.285169	-0.074563	-0.210395	-0.293421	-0.135516	-0.057020	-0.159221	0.153259	0.172121	-0.089622	-0.301195	0.219805	-0.209061	0.273974	-0.092803	-0.204027	-0.126477	-0.206302	-0.237483	-0.069863	-0.135964	0.017250	-0.011096	-0.169119	0.082098	-0.322781	0.063152	-0.072739	0.041635	-0.035747	-0.279064	-0.195548	-0.248812	-0.242482	-0.063878	-0.192108	-0.134812	-0.140497	-0.169301	-0.220679	-0.220869
0.000144	0.782011	0.739977	0.375249	0.662301	0.406666	0.753804	0.458010	0.261414	0.766215	0.801224	0.305163	0.567410	0.256720	0.130789	0.826109	0.216051	0.694028	1.000000	0.862026	0.791664	0.767476	0.788006	0.719008	0.753959	0.781633	0.835685	0.792011	0.819636	0.837276	0.771785	0.790972	0.690213	0.829270	0.775718	0.809159	0.431167	0.827834	0.581919	0.861586	0.813979	0.857078	0.677134	0.860767	0.043813	0.557318	0.002083	0.392421	0.254421	0.330647	-0.096056	0.202358	0.049371	-0.090498	0.128783	0.085686	0.002060	0.331907	0.318409	-0.001383	-0.106712	0.318578	-0.185143	0.364419	0.047408	-0.018667	0.139205	-0.215650	-0.302315	0.046427	-0.107501	0.186697	0.189645	0.004230	0.370182	-0.445296	0.197924	0.177131	0.272964	-0.045190	-0.188552	0.042191	-0.032753	-0.070834	0.065339	-0.022476	0.070690	0.089988	-0.009110	-0.369552	-0.102886
0.000374	0.815889	0.768630	0.316950	0.675223	0.354635	0.793812	0.414427	0.183410	0.814373	0.884251	0.235756	0.549321	0.173598	0.029655	0.901184	0.136098	0.725334	0.862026	1.000000	0.880551	0.810677	0.850012	0.755614	0.865610	0.843703	0.906476	0.833493	0.895844	0.901901	0.882224	0.898737	0.710505	0.927444	0.880229	0.869769	0.375425	0.902236	0.571080	0.969897	0.910416	0.941571	0.775593	0.950687	0.102269	0.656751	0.025981	0.456854	0.247296	0.379258	-0.129323	0.254862	0.073170	-0.099511	0.174991	0.131970	-0.042038	0.353748	0.295357	-0.068808	-0.107104	0.282423	-0.138389	0.438266	0.081790	0.015566	0.181246	-0.185179	-0.285159	0.055800	-0.077035	0.242088	0.239987	0.042453	0.442768	-0.453860	0.233501	0.219850	0.323658	-0.025729	-0.164091	0.049252	-0.013682	-0.029735	0.080520	0.003919	0.110429	0.134298	0.020016	-0.412688	-0.099677
-0.000239	0.743061	0.690685	0.286279	0.613220	0.322864	0.723620	0.379356	0.169307	0.743686	0.806912	0.219347	0.494564	0.164798	0.032334	0.830077	0.127548	0.656570	0.791664	0.880551	1.000000	0.739866	0.795041	0.691877	0.811848	0.779023	0.836557	0.767633	0.821272	0.812495	0.827045	0.835724	0.650394	0.853440	0.824636	0.793294	0.343263	0.824500	0.525054	0.882521	0.845278	0.861801	0.739865	0.865269	0.141787	0.643287	0.024093	0.448111	0.247614	0.386611	-0.099789	0.274413	0.105442	-0.063162	0.194417	0.138415	-0.024695	0.333150	0.278272	-0.051979	-0.097410	0.265093	-0.114274	0.436717	0.082520	0.031665	0.198124	-0.170804	-0.267185	0.045899	-0.060327	0.245052	0.239567	0.052075	0.445174	-0.452815	0.217065	0.225821	0.315546	-0.017262	-0.152072	0.069194	-0.001458	0.011257	0.064729	0.012911	0.120028	0.146143	0.024130	-0.423427	-0.099768
0.000126	0.900303	0.844453	0.569555	0.823590	0.633302	0.857000	0.682311	0.505410	0.869909	0.742109	0.533402	0.728244	0.481385	0.370425	0.893188	0.429948	0.629273	0.767476	0.810677	0.739866	1.000000	0.784893	0.681109	0.586559	0.774040	0.842368	0.842921	0.818368	0.882342	0.648581	0.696420	0.838199	0.780838	0.646099	0.792207	0.661604	0.891224	0.751453	0.832095	0.783090	0.875802	0.508519	0.877273	-0.210494	0.350094	-0.114633	0.387912	0.413192	0.399769	0.054799	0.271750	0.134929	0.049821	0.128065	-0.066858	0.157874	0.403268	0.473636	0.204680	-0.111598	0.516915	-0.383121	0.141145	-0.096758	-0.054913	0.132762	-0.422349	-0.522695	-0.096580	-0.334824	0.015715	0.065378	-0.105410	0.339063	-0.561944	0.023576	0.173171	0.185812	-0.303224	-0.292133	0.136174	-0.019820	0.003619	-0.050175	-0.119865	-0.037565	0.035772	-0.119295	-0.475496	-0.159719
-0.000152	0.815384	0.747537	0.386557	0.673869	0.447596	0.768643	0.501871	0.308602	0.785046	0.798447	0.347240	0.584387	0.283226	0.171362	0.843682	0.233184	0.751657	0.788006	0.850012	0.795041	0.784893	1.000000	0.762109	0.727452	0.824392	0.834436	0.799827	0.820794	0.837395	0.766479	0.771634	0.724848	0.817873	0.779452	0.831143	0.476662	0.841837	0.620335	0.856666	0.808302	0.862135	0.640084	0.862446	-0.005970	0.527772	-0.111177	0.307464	0.235652	0.282559	-0.127688	0.140313	-0.003969	-0.117362	0.035611	-0.020737	-0.024507	0.272837	0.292949	0.008623	-0.213716	0.336008	-0.256489	0.290716	-0.067936	-0.116292	0.042360	-0.281384	-0.353040	-0.072877	-0.187346	0.069046	0.066790	-0.104989	0.275007	-0.485443	0.081236	0.079959	0.152127	-0.129404	-0.284554	-0.020604	-0.125663	-0.073459	-0.058244	-0.137423	-0.051541	-0.020802	-0.127367	-0.401938	-0.202044
0.000163	0.720667	0.634304	0.313408	0.574900	0.385510	0.669556	0.437463	0.266691	0.680060	0.709533	0.297627	0.487661	0.230188	0.139782	0.734977	0.181683	0.736495	0.719008	0.755614	0.691877	0.681109	0.762109	1.000000	0.662295	0.757761	0.725988	0.704457	0.741892	0.720796	0.694928	0.672457	0.625889	0.706676	0.715195	0.752810	0.416067	0.743984	0.535886	0.749924	0.703257	0.761984	0.573087	0.754628	0.024430	0.488048	-0.202160	0.175930	0.143682	0.184655	-0.177371	0.025513	-0.100217	-0.166405	-0.073738	-0.093286	-0.100950	0.148894	0.189612	-0.038551	-0.312955	0.273898	-0.245522	0.237250	-0.147925	-0.204531	-0.070382	-0.276282	-0.296610	-0.156559	-0.201709	-0.014015	-0.037411	-0.184838	0.144022	-0.436007	-0.012283	-0.058626	0.014415	-0.131603	-0.352553	-0.112442	-0.236926	-0.099079	-0.160868	-0.228339	-0.161091	-0.137494	-0.226437	-0.358833	-0.290925
0.000409	0.547351	0.501722	0.017182	0.385504	0.044200	0.548248	0.100310	-0.121030	0.572804	0.800121	-0.069574	0.254670	-0.123620	-0.254072	0.686426	-0.148579	0.652869	0.753959	0.865610	0.811848	0.586559	0.727452	0.662295	1.000000	0.719197	0.754428	0.636769	0.751190	0.687606	0.909587	0.873681	0.438285	0.838448	0.907348	0.737386	0.053486	0.687858	0.282977	0.846171	0.816589	0.762862	0.877870	0.773000	0.404515	0.835752	0.111178	0.410051	0.056366	0.295828	-0.258849	0.201143	0.017760	-0.192308	0.179875	0.268096	-0.217617	0.214453	0.060878	-0.291421	-0.120392	0.021164	0.104907	0.634176	0.187468	0.058325	0.182542	0.048649	-0.029950	0.148407	0.158690	0.380242	0.334319	0.148619	0.446481	-0.310720	0.344617	0.208882	0.361298	0.216127	-0.051970	-0.046907	-0.035188	-0.018493	0.133672	0.093487	0.196624	0.178319	0.108124	-0.322508	-0.069107
-0.000015	0.808263	0.738807	0.375517	0.666128	0.445827	0.758646	0.495975	0.304445	0.776450	0.792200	0.338056	0.570244	0.272930	0.164010	0.835053	0.227102	0.732676	0.781633	0.843703	0.779023	0.774040	0.824392	0.757761	0.719197	1.000000	0.822081	0.794910	0.819470	0.826997	0.755450	0.755537	0.718778	0.802576	0.773662	0.822631	0.470092	0.836965	0.613294	0.846039	0.799695	0.855813	0.633537	0.854112	-0.004763	0.528321	-0.116764	0.292673	0.223588	0.268412	-0.131548	0.123486	-0.017869	-0.122477	0.021528	-0.028072	-0.040045	0.253667	0.283112	-0.001903	-0.222355	0.325966	-0.260511	0.285872	-0.076105	-0.122670	0.033244	-0.280732	-0.341818	-0.081039	-0.187105	0.074465	0.057734	-0.110917	0.258299	-0.479502	0.079635	0.065672	0.137625	-0.126606	-0.293023	-0.031248	-0.140575	-0.080277	-0.060032	-0.150981	-0.065434	-0.036653	-0.135849	-0.393291	-0.208191
0.000185	0.864490	0.809086	0.428728	0.740801	0.477835	0.834568	0.534049	0.323556	0.849806	0.831361	0.368377	0.631645	0.308936	0.176224	0.908436	0.259510	0.697316	0.835685	0.906476	0.836557	0.842368	0.834436	0.725988	0.754428	0.822081	1.000000	0.846701	0.869196	0.904699	0.789847	0.821405	0.778863	0.875640	0.793851	0.846896	0.503956	0.907374	0.660968	0.918097	0.861224	0.922206	0.684594	0.927658	-0.013672	0.535742	-0.028168	0.424957	0.311390	0.380745	-0.055586	0.256701	0.092455	-0.046945	0.148103	0.050089	0.039276	0.370574	0.373176	0.043902	-0.111326	0.379735	-0.246644	0.324244	0.005496	-0.017869	0.157647	-0.284443	-0.379529	-0.001246	-0.173882	0.149125	0.167479	-0.020791	0.394848	-0.501268	0.157620	0.200823	0.271353	-0.134919	-0.219435	0.080804	-0.017589	-0.028628	0.032696	-0.046505	0.048361	0.088770	-0.036995	-0.436822	-0.124346
-0.000149	0.878492	0.820281	0.515117	0.779913	0.574788	0.836004	0.623001	0.441938	0.850832	0.768453	0.479359	0.684528	0.418002	0.305437	0.883923	0.366563	0.669551	0.792011	0.833493	0.767633	0.842921	0.799827	0.704457	0.636769	0.794910	0.846701	1.000000	0.830140	0.876843	0.692028	0.731271	0.804977	0.805253	0.699266	0.809419	0.605670	0.883477	0.722076	0.849956	0.800648	0.881974	0.563236	0.881109	-0.133486	0.410234	-0.101391	0.374686	0.356711	0.364800	-0.004570	0.228550	0.091047	-0.009030	0.102779	-0.045044	0.101713	0.369726	0.422429	0.139781	-0.131264	0.455675	-0.345353	0.202844	-0.073721	-0.066199	0.110976	-0.375542	-0.471195	-0.073320	-0.283093	0.048442	0.080764	-0.098663	0.326440	-0.535122	0.063289	0.153494	0.193887	-0.238051	-0.280463	0.088057	-0.046752	-0.035504	-0.032431	-0.115480	-0.027847	0.028678	-0.105575	-0.445454	-0.159347
0.000013	0.838821	0.773141	0.400066	0.712830	0.453496	0.807238	0.508190	0.303782	0.821606	0.813079	0.348378	0.598549	0.286857	0.159706	0.892867	0.244690	0.684912	0.819636	0.895844	0.821272	0.818368	0.820794	0.741892	0.751190	0.819470	0.869196	0.830140	1.000000	0.871891	0.786553	0.809155	0.749202	0.863558	0.787668	0.828806	0.479093	0.891650	0.639343	0.901378	0.851556	0.908972	0.666744	0.909432	-0.008066	0.534656	-0.057892	0.413650	0.307384	0.383042	-0.052061	0.255126	0.094455	-0.036962	0.143038	0.037566	0.033831	0.348950	0.352791	0.042326	-0.132126	0.366021	-0.239964	0.318179	-0.011335	-0.025566	0.149189	-0.287359	-0.382087	-0.032303	-0.186853	0.137987	0.147886	-0.033751	0.389913	-0.508369	0.128145	0.179423	0.243158	-0.143747	-0.237279	0.074806	-0.036663	-0.000561	-0.003760	-0.066891	0.031390	0.073053	-0.057290	-0.451916	-0.151065
-0.000179	0.918731	0.897626	0.536288	0.828007	0.575520	0.885137	0.632595	0.423560	0.900500	0.842645	0.467249	0.736734	0.406636	0.271186	0.932832	0.356716	0.710470	0.837276	0.901901	0.812495	0.882342	0.837395	0.720796	0.687606	0.826997	0.904699	0.876843	0.871891	1.000000	0.737189	0.791362	0.838879	0.863668	0.750996	0.861920	0.609445	0.934210	0.744683	0.921344	0.850913	0.936354	0.606026	0.944115	-0.119139	0.445444	-0.021854	0.439514	0.355643	0.380010	-0.037981	0.255787	0.089929	-0.043923	0.151674	0.027101	0.083765	0.432286	0.450745	0.103015	-0.073320	0.455645	-0.298547	0.254514	0.002302	-0.013510	0.158255	-0.324442	-0.438051	0.009550	-0.229247	0.129176	0.154874	-0.035221	0.386117	-0.496796	0.142421	0.223101	0.280157	-0.180654	-0.217197	0.102937	0.008614	-0.070545	0.063681	-0.046596	0.049678	0.094575	-0.029263	-0.416270	-0.085942
-0.000385	0.626361	0.572149	0.110483	0.467302	0.142709	0.615600	0.198865	-0.024202	0.640483	0.809845	0.030047	0.341557	-0.022407	-0.158560	0.745758	-0.054891	0.673055	0.771785	0.882224	0.827045	0.648581	0.766479	0.694928	0.909587	0.755450	0.789847	0.692028	0.786553	0.737189	1.000000	0.854828	0.510767	0.844844	0.888597	0.761804	0.157246	0.746326	0.373583	0.866735	0.835303	0.809237	0.837704	0.816463	0.316037	0.775367	0.068678	0.410233	0.116491	0.316792	-0.212355	0.209496	0.033517	-0.158707	0.163948	0.214512	-0.156331	0.241699	0.130516	-0.212479	-0.127005	0.104512	0.031891	0.567198	0.143111	0.029349	0.172554	-0.031323	-0.095588	0.106114	0.090508	0.321119	0.288091	0.099513	0.430850	-0.351869	0.291670	0.191148	0.327809	0.144329	-0.100281	-0.018610	-0.038213	-0.022991	0.100060	0.049817	0.151992	0.148214	0.064582	-0.353115	-0.093060
-0.000389	0.678311	0.643175	0.197156	0.547387	0.220405	0.673422	0.275561	0.055474	0.694356	0.821493	0.108587	0.420901	0.055567	-0.084247	0.789583	0.023063	0.645366	0.790972	0.898737	0.835724	0.696420	0.771634	0.672457	0.873681	0.755537	0.821405	0.731271	0.809155	0.791362	0.854828	1.000000	0.576902	0.870775	0.859037	0.786051	0.232835	0.790952	0.436554	0.891722	0.847397	0.835762	0.813287	0.851449	0.246216	0.739813	0.117146	0.479212	0.188576	0.367017	-0.148990	0.278595	0.092958	-0.104064	0.233140	0.235668	-0.085551	0.329053	0.216458	-0.146121	-0.049433	0.171694	-0.012366	0.545629	0.177631	0.085106	0.237003	-0.056950	-0.161685	0.144902	0.059456	0.355766	0.335603	0.140328	0.489377	-0.381835	0.331007	0.276003	0.399715	0.106732	-0.066471	0.050747	0.035422	-0.008448	0.158704	0.096139	0.208845	0.212636	0.115883	-0.373432	-0.030548
-0.000739	0.896650	0.855285	0.670947	0.858126	0.737344	0.844355	0.778165	0.632555	0.857133	0.658543	0.659178	0.789652	0.597553	0.506538	0.845853	0.546062	0.578132	0.690213	0.710505	0.650394	0.838199	0.724848	0.625889	0.438285	0.718778	0.778863	0.804977	0.749202	0.838879	0.510767	0.576902	1.000000	0.680293	0.521445	0.733772	0.772435	0.845484	0.825408	0.741489	0.681126	0.809188	0.374119	0.809471	-0.337350	0.204164	-0.165628	0.345903	0.459499	0.380580	0.121832	0.256487	0.142573	0.095212	0.095476	-0.149308	0.233969	0.418900	0.540310	0.308487	-0.103407	0.600372	-0.474913	0.007030	-0.159435	-0.082520	0.099817	-0.500729	-0.601182	-0.153962	-0.430238	-0.080271	-0.014119	-0.163389	0.269805	-0.575717	-0.057063	0.148693	0.121440	-0.403883	-0.324731	0.163066	-0.020558	-0.004330	-0.088481	-0.166990	-0.093218	-0.010808	-0.166562	-0.465706	-0.169268
0.000062	0.778077	0.734050	0.303661	0.649496	0.337797	0.766685	0.394848	0.172898	0.782524	0.847077	0.223117	0.525225	0.169284	0.028149	0.864437	0.130083	0.676090	0.829270	0.927444	0.853440	0.780838	0.817873	0.706676	0.838448	0.802576	0.875640	0.805253	0.863558	0.863668	0.844844	0.870775	0.680293	1.000000	0.848773	0.830738	0.355224	0.866379	0.547371	0.929464	0.873926	0.898251	0.769721	0.909055	0.118910	0.660776	0.056861	0.471241	0.251951	0.386020	-0.105283	0.279511	0.101852	-0.076589	0.203499	0.160680	-0.025826	0.360405	0.297521	-0.062413	-0.069353	0.268937	-0.120313	0.454331	0.105012	0.047937	0.211300	-0.163518	-0.269965	0.084179	-0.051344	0.271147	0.267986	0.072483	0.464231	-0.442595	0.259729	0.256073	0.352243	-0.005130	-0.135976	0.073131	0.019384	-0.012714	0.106405	0.036130	0.144929	0.168803	0.054280	-0.410501	-0.066514
-0.000149	0.631926	0.581838	0.102168	0.459139	0.145664	0.615626	0.207420	-0.016309	0.640247	0.832293	0.028350	0.343194	-0.035081	-0.162731	0.732154	-0.074358	0.723483	0.775718	0.880229	0.824636	0.646099	0.779452	0.715195	0.907348	0.773662	0.793851	0.699266	0.787668	0.750996	0.888597	0.859037	0.521445	0.848773	1.000000	0.787145	0.160387	0.739440	0.374577	0.868965	0.826925	0.804277	0.823264	0.812106	0.306046	0.760910	0.056425	0.336806	0.047663	0.219150	-0.294472	0.114561	-0.065339	-0.249959	0.086132	0.182077	-0.226124	0.195389	0.085379	-0.263978	-0.170079	0.069045	0.015614	0.563042	0.120538	-0.017736	0.095724	-0.010462	-0.081527	0.108634	0.100271	0.308370	0.253585	0.059733	0.346423	-0.312293	0.299310	0.137854	0.298991	0.164448	-0.108045	-0.106321	-0.097565	-0.109183	0.099851	0.019390	0.115127	0.093283	0.042179	-0.296029	-0.096566
-0.000075	0.820805	0.783836	0.406404	0.696882	0.456992	0.786520	0.507548	0.306400	0.797756	0.819365	0.347897	0.605886	0.283409	0.167043	0.844473	0.237787	0.737686	0.809159	0.869769	0.793294	0.792207	0.831143	0.752810	0.737386	0.822631	0.846896	0.809419	0.828806	0.861920	0.761804	0.786051	0.733772	0.830738	0.787145	1.000000	0.482817	0.850698	0.625384	0.874149	0.817619	0.871424	0.648601	0.875831	-0.008221	0.521742	-0.066361	0.338330	0.236053	0.277994	-0.133612	0.154468	-0.008236	-0.130333	0.056860	0.013099	-0.030949	0.303653	0.315333	-0.002153	-0.168414	0.338044	-0.230768	0.318771	-0.019151	-0.076964	0.065935	-0.260549	-0.343335	-0.014038	-0.165231	0.120340	0.120957	-0.066459	0.293333	-0.460290	0.138698	0.123555	0.211485	-0.096020	-0.231567	-0.011745	-0.092511	-0.105792	0.010710	-0.093878	-0.006309	0.018243	-0.075633	-0.373607	-0.151014
-0.000621	0.743793	0.739068	0.822538	0.807231	0.874123	0.699597	0.877805	0.846938	0.691889	0.366443	0.856178	0.816221	0.825128	0.780081	0.611271	0.771494	0.390229	0.431167	0.375425	0.343263	0.661604	0.476662	0.416067	0.053486	0.470092	0.503956	0.605670	0.479093	0.609445	0.157246	0.232835	0.772435	0.355224	0.160387	0.482817	1.000000	0.609606	0.825078	0.420389	0.379367	0.532822	0.015334	0.524868	-0.585331	-0.160148	-0.270017	0.197512	0.540465	0.308405	0.281633	0.198918	0.160558	0.213315	0.014081	-0.312899	0.410637	0.398388	0.636471	0.551060	-0.073332	0.740513	-0.611083	-0.306847	-0.291969	-0.132569	0.019149	-0.622897	-0.703764	-0.268033	-0.594310	-0.297155	-0.200816	-0.273643	0.085535	-0.541565	-0.263668	0.056108	-0.062551	-0.575423	-0.375970	0.222944	-0.010760	0.001235	-0.184985	-0.259831	-0.221049	-0.112678	-0.265557	-0.392812	-0.183249
-0.000746	0.930813	0.868118	0.523281	0.827926	0.579289	0.887643	0.629984	0.425448	0.902614	0.809411	0.474815	0.715162	0.416344	0.281566	0.960948	0.374152	0.678455	0.827834	0.902236	0.824500	0.891224	0.841837	0.743984	0.687858	0.836965	0.907374	0.883477	0.891650	0.934210	0.746326	0.790952	0.845484	0.866379	0.739440	0.850698	0.609606	1.000000	0.739249	0.920601	0.857150	0.949856	0.612221	0.952663	-0.116368	0.453000	-0.074992	0.449683	0.409280	0.448953	0.037307	0.303996	0.155054	0.044128	0.168681	-0.001695	0.137142	0.423078	0.460990	0.156467	-0.099131	0.488938	-0.310158	0.227724	-0.038117	-0.019680	0.175415	-0.359975	-0.462845	-0.056926	-0.266649	0.088496	0.125831	-0.051653	0.406930	-0.559378	0.084793	0.205215	0.237306	-0.234231	-0.256726	0.150680	0.002105	0.025874	-0.014037	-0.080667	0.017349	0.081541	-0.076506	-0.491497	-0.147925
-0.000861	0.826304	0.801636	0.726363	0.826074	0.795674	0.787933	0.819385	0.716677	0.786598	0.546755	0.738120	0.793905	0.686384	0.617496	0.746533	0.627982	0.505115	0.581919	0.571080	0.525054	0.751453	0.620335	0.535886	0.282977	0.613294	0.660968	0.722076	0.639343	0.744683	0.373583	0.436554	0.825408	0.547371	0.374577	0.625384	0.825078	0.739249	1.000000	0.606602	0.564193	0.693703	0.223403	0.691544	-0.450063	0.045615	-0.217308	0.265955	0.474891	0.327622	0.170724	0.217132	0.130386	0.124405	0.043459	-0.229558	0.291591	0.398429	0.568004	0.394887	-0.099777	0.648288	-0.543075	-0.130766	-0.226416	-0.113141	0.050342	-0.563869	-0.651019	-0.203543	-0.503918	-0.179565	-0.100617	-0.221717	0.175013	-0.558173	-0.146755	0.099077	0.035304	-0.480557	-0.353186	0.165191	-0.030276	-0.019925	-0.132875	-0.213026	-0.160385	-0.064292	-0.217920	-0.426651	-0.177049
-0.000260	0.842114	0.798732	0.361979	0.710946	0.398011	0.819263	0.458489	0.228395	0.839157	0.886053	0.281207	0.591731	0.218156	0.072228	0.919278	0.178468	0.724147	0.861586	0.969897	0.882521	0.832095	0.856666	0.749924	0.846171	0.846039	0.918097	0.849956	0.901378	0.921344	0.866735	0.891722	0.741489	0.929464	0.868965	0.874149	0.420389	0.920601	0.606602	1.000000	0.910961	0.951403	0.759957	0.961045	0.071098	0.632730	0.023758	0.469782	0.281170	0.394530	-0.105939	0.271983	0.089628	-0.081392	0.185233	0.122407	-0.013517	0.380648	0.334030	-0.033305	-0.094890	0.320173	-0.163614	0.414522	0.072714	0.020980	0.192902	-0.209587	-0.314556	0.052736	-0.101159	0.231870	0.235749	0.037750	0.449731	-0.469959	0.222798	0.235543	0.326930	-0.052600	-0.170854	0.070002	-0.001079	-0.026113	0.082301	0.002993	0.110105	0.139591	0.018021	-0.428361	-0.093861
-0.000116	0.782000	0.730698	0.320367	0.651980	0.359238	0.766731	0.414497	0.202570	0.778496	0.828980	0.247916	0.532991	0.191831	0.061139	0.858514	0.154540	0.669953	0.813979	0.910416	0.845278	0.783090	0.808302	0.703257	0.816589	0.799695	0.861224	0.800648	0.851556	0.850913	0.835303	0.847397	0.681126	0.873926	0.826925	0.817619	0.379367	0.857150	0.564193	0.910961	1.000000	0.888818	0.736748	0.897488	0.097114	0.628093	0.022043	0.453684	0.265436	0.386537	-0.089553	0.275963	0.103966	-0.060537	0.188310	0.126657	-0.010228	0.354612	0.303096	-0.037389	-0.091576	0.291492	-0.144046	0.416746	0.069785	0.030525	0.196148	-0.194324	-0.296963	0.046177	-0.083913	0.233706	0.236753	0.043704	0.445405	-0.461041	0.218728	0.233831	0.319908	-0.041252	-0.162801	0.073420	0.001034	0.000670	0.071788	0.010807	0.113599	0.142207	0.022509	-0.426151	-0.096410
-0.000062	0.906289	0.841091	0.448530	0.778593	0.503854	0.867465	0.563859	0.345915	0.883743	0.851169	0.393883	0.659523	0.327339	0.192289	0.953792	0.282111	0.714303	0.857078	0.941571	0.861801	0.875802	0.862135	0.761984	0.762862	0.855813	0.922206	0.881974	0.908972	0.936354	0.809237	0.835762	0.809188	0.898251	0.804277	0.871424	0.532822	0.949856	0.693703	0.951403	0.888818	1.000000	0.675532	0.969377	-0.042675	0.524893	-0.052926	0.435924	0.339141	0.405482	-0.044150	0.268487	0.105730	-0.027943	0.150312	0.028563	0.053700	0.380209	0.390797	0.061736	-0.123420	0.408410	-0.265610	0.304016	-0.013525	-0.026340	0.158643	-0.311401	-0.409945	-0.028665	-0.211424	0.131356	0.152765	-0.038516	0.402374	-0.527392	0.130443	0.193160	0.254693	-0.170053	-0.243854	0.091218	-0.027825	-0.007887	0.004811	-0.068123	0.031000	0.080975	-0.059452	-0.465072	-0.147019
0.000355	0.468867	0.434189	-0.008402	0.329488	0.008953	0.481157	0.056856	-0.148993	0.504088	0.709881	-0.094929	0.206095	-0.136269	-0.268723	0.610373	-0.159723	0.542664	0.677134	0.775593	0.739865	0.508519	0.640084	0.573087	0.877870	0.633537	0.684594	0.563236	0.666744	0.606026	0.837704	0.813287	0.374119	0.769721	0.823264	0.648601	0.015334	0.612221	0.223403	0.759957	0.736748	0.675532	1.000000	0.688427	0.444184	0.815374	0.180387	0.455631	0.076115	0.326109	-0.197388	0.262344	0.086920	-0.132324	0.255849	0.334937	-0.178061	0.230479	0.063708	-0.276771	-0.038327	0.002526	0.170286	0.661107	0.257794	0.132740	0.259110	0.107981	0.028879	0.205130	0.225260	0.447817	0.402633	0.225830	0.503631	-0.280639	0.399764	0.274595	0.426779	0.269553	0.026284	0.016408	0.044411	0.031189	0.187955	0.169480	0.273219	0.253565	0.183355	-0.318664	-0.007263
-0.000355	0.905797	0.844332	0.442811	0.778355	0.496989	0.869655	0.557815	0.333954	0.886596	0.859561	0.382300	0.656916	0.315476	0.178247	0.955510	0.268496	0.711625	0.860767	0.950687	0.865269	0.877273	0.862446	0.754628	0.773000	0.854112	0.927658	0.881109	0.909432	0.944115	0.816463	0.851449	0.809471	0.909055	0.812106	0.875831	0.524868	0.952663	0.691544	0.961045	0.897488	0.969377	0.688427	1.000000	-0.033378	0.537836	-0.033434	0.448375	0.334420	0.407422	-0.049708	0.274788	0.106188	-0.034688	0.162186	0.046834	0.047768	0.388544	0.388520	0.047890	-0.111119	0.397406	-0.253653	0.321428	0.004219	-0.015637	0.170738	-0.298111	-0.399379	-0.008019	-0.194654	0.150696	0.173059	-0.022099	0.417220	-0.518450	0.152879	0.211096	0.278267	-0.154426	-0.226424	0.093542	-0.015524	-0.013929	0.025781	-0.049899	0.050264	0.096763	-0.040876	-0.458266	-0.127821
-0.000038	-0.259693	-0.270359	-0.560464	-0.359102	-0.586955	-0.235701	-0.562150	-0.663548	-0.220970	0.097442	-0.631626	-0.429085	-0.627666	-0.700643	-0.115938	-0.611836	0.026169	0.043813	0.102269	0.141787	-0.210494	-0.005970	0.024430	0.404515	-0.004763	-0.013672	-0.133486	-0.008066	-0.119139	0.316037	0.246216	-0.337350	0.118910	0.306046	-0.008221	-0.585331	-0.116368	-0.450063	0.071098	0.097114	-0.042675	0.444184	-0.033378	1.000000	0.597167	0.360863	0.168754	-0.317803	0.010342	-0.298408	0.054717	-0.016097	-0.199212	0.199991	0.504689	-0.376984	-0.130484	-0.397959	-0.549521	0.080754	-0.507113	0.672421	0.667598	0.435110	0.232736	0.198549	0.634967	0.651898	0.373612	0.683066	0.559255	0.458536	0.409643	0.280474	0.255563	0.485532	0.174113	0.358658	0.686373	0.350746	-0.109609	0.091335	0.041860	0.295789	0.354811	0.402465	0.302877	0.375545	0.084769	0.172561
0.000060	0.292035	0.265951	-0.163761	0.155523	-0.162006	0.311584	-0.119803	-0.308214	0.332603	0.605369	-0.255070	0.043532	-0.283724	-0.408650	0.453626	-0.291887	0.461429	0.557318	0.656751	0.643287	0.350094	0.527772	0.488048	0.835752	0.528321	0.535742	0.410234	0.534656	0.445444	0.775367	0.739813	0.204164	0.660776	0.760910	0.521742	-0.160148	0.453000	0.045615	0.632730	0.628093	0.524893	0.815374	0.537836	0.597167	1.000000	0.230233	0.412354	-0.021094	0.277255	-0.239902	0.231927	0.073087	-0.156009	0.259806	0.406894	-0.244551	0.155397	-0.054887	-0.367891	-0.019260	-0.133950	0.318372	0.719965	0.315558	0.167402	0.260598	0.255324	0.190926	0.253306	0.360386	0.508934	0.441080	0.287260	0.490316	-0.171101	0.438570	0.267365	0.426880	0.399737	0.104276	-0.012827	0.057369	0.045783	0.218245	0.225510	0.326515	0.284375	0.238566	-0.242969	0.029277
0.000083	-0.161646	-0.046837	-0.134668	-0.108988	-0.268460	-0.106246	-0.268156	-0.314932	-0.103071	0.021452	-0.275476	-0.097902	-0.202489	-0.295377	-0.069282	-0.158459	-0.152504	0.002083	0.025981	0.024093	-0.114633	-0.111177	-0.202160	0.111178	-0.116764	-0.028168	-0.101391	-0.057892	-0.021854	0.068678	0.117146	-0.165628	0.056861	0.056425	-0.066361	-0.270017	-0.074992	-0.217308	0.023758	0.022043	-0.052926	0.180387	-0.033434	0.360863	0.230233	1.000000	0.398366	0.049319	0.159765	0.116299	0.270358	0.265173	0.109962	0.447803	0.616503	0.115763	0.283787	0.077209	-0.079574	0.609482	-0.140288	0.490091	0.478507	0.701621	0.524907	0.513941	0.589856	0.456715	0.697715	0.617470	0.679817	0.634541	0.604429	0.425676	0.347075	0.642960	0.521106	0.641228	0.621679	0.585575	0.297730	0.563832	0.005889	0.724402	0.646478	0.707757	0.620429	0.732632	0.207943	0.664303
