1.000000	0.000367	0.000444	0.000342	0.000222	-0.000360	-0.000181	-0.000456	0.000110	0.000181	-0.000214	-0.000131	0.000175	-0.000307	0.000110	0.000018	-0.000058	-0.000194	-0.001007	0.000052	-0.000052	-0.000566	-0.000163	-0.000147	0.000099	-0.000387	-0.000262	0.000126	0.000739	-0.000104	0.000392	-0.000328	0.000091	0.000116	0.000340	0.000364	0.000077	0.000140	-0.000103	-0.000088	-0.000279	-0.000137	-0.000765	-0.000123	-0.000007	0.000010	0.000472	0.000023	-0.000706	-0.000092	-0.000269	-0.000346	0.000521	0.000183	-0.000764	0.000215	0.000642	-0.000023	0.001067	-0.000180	-0.000075	-0.000363	0.000102	-0.000259	-0.000110	0.000092	0.000531	0.000288	-0.000145	-0.000348	-0.000106	0.000072	-0.000311	0.000523	0.000537	0.000242	-0.000359	0.000685	-0.000349	0.000485	-0.000216	0.000557	0.000097	-0.000000	-0.000374	-0.000044	-0.000224	-0.000574	-0.000372	-0.000203	-0.000498
0.000367	1.000000	0.909124	0.774507	0.919140	0.861660	0.890200	0.882306	0.774641	0.898254	0.623635	0.815386	0.862316	0.779381	0.709071	0.941278	0.691878	0.642255	0.583080	0.792406	0.522953	0.849168	0.788296	0.735770	0.477524	0.789881	0.834197	0.834067	0.696360	0.938560	0.550372	0.543720	0.925542	0.687277	0.662087	0.762689	0.872356	0.937045	0.883934	0.811905	0.624654	0.901491	0.182528	0.894986	-0.487466	0.018787	-0.376796	0.178374	0.509129	0.272710	0.238420	0.045961	0.053949	0.151399	-0.127414	-0.345331	0.324046	0.388601	0.591073	0.494194	-0.235722	0.704996	-0.638749	-0.316165	-0.324012	-0.300074	-0.111995	-0.659592	-0.711290	-0.313729	-0.622955	-0.349696	-0.321771	-0.397693	0.109093	-0.603613	-0.319101	-0.136854	-0.172294	-0.488578	-0.485798	0.126989	-0.121345	-0.054497	-0.282873	-0.408232	-0.344351	-0.270412	-0.387846	-0.266045	-0.293689
0.000444	0.909124	1.000000	0.862880	0.945954	0.832538	0.895538	0.834607	0.723630	0.902143	0.684970	0.791181	0.946632	0.805365	0.679950	0.908499	0.756312	0.615074	0.624979	0.819752	0.562870	0.839616	0.756189	0.678833	0.528334	0.753460	0.839096	0.815589	0.713827	0.959316	0.584146	0.602766	0.892863	0.730030	0.682325	0.764666	0.808971	0.908382	0.859288	0.845949	0.663441	0.879917	0.250714	0.882708	-0.422531	0.099310	-0.209744	0.378684	0.620533	0.397704	0.322538	0.193894	0.171938	0.226154	0.040842	-0.158400	0.449852	0.591522	0.754093	0.569465	-0.058798	0.772122	-0.519681	-0.217367	-0.138741	-0.136681	0.058776	-0.546758	-0.641744	-0.153554	-0.505184	-0.183613	-0.157423	-0.233247	0.278271	-0.551786	-0.180793	0.041996	0.006514	-0.345566	-0.330635	0.292202	0.067781	-0.000598	-0.088738	-0.247311	-0.159723	-0.086894	-0.212945	-0.279745	-0.134240
0.000342	0.774507	0.862880	1.000000	0.851288	0.805812	0.716562	0.806089	0.756793	0.713443	0.453472	0.819987	0.870935	0.860583	0.763014	0.725962	0.844158	0.432916	0.406334	0.584275	0.335648	0.649547	0.543352	0.472911	0.271779	0.537343	0.614263	0.628356	0.483289	0.794680	0.331652	0.361381	0.749907	0.487160	0.428415	0.542449	0.823293	0.719297	0.771906	0.618773	0.430782	0.669044	0.038250	0.668970	-0.527745	-0.096422	-0.185178	0.342051	0.647338	0.387911	0.460339	0.211051	0.243451	0.344049	0.065678	-0.165363	0.584881	0.580304	0.768094	0.697369	0.053293	0.788439	-0.507920	-0.334493	-0.125268	-0.078014	0.085180	-0.525281	-0.625024	-0.147758	-0.513060	-0.228029	-0.179279	-0.200141	0.221684	-0.454064	-0.220610	0.052415	-0.032695	-0.384869	-0.268248	0.390201	0.171627	0.080121	-0.068186	-0.195309	-0.141965	-0.063256	-0.175875	-0.180903	-0.060502
0.000222	0.919140	0.945954	0.851288	1.000000	0.860217	0.876213	0.859293	0.765251	0.880402	0.604352	0.834054	0.923511	0.840317	0.730387	0.908204	0.795270	0.547404	0.566739	0.770404	0.509242	0.821817	0.724267	0.655734	0.459899	0.722405	0.801704	0.792118	0.671845	0.920505	0.527894	0.541008	0.892148	0.676617	0.605707	0.713981	0.854334	0.902924	0.860175	0.795344	0.611299	0.856898	0.188754	0.855297	-0.464704	0.037102	-0.264772	0.357737	0.659062	0.444056	0.399146	0.223791	0.231405	0.312017	0.043327	-0.210353	0.497588	0.558647	0.749703	0.627623	-0.064071	0.809835	-0.547364	-0.286420	-0.187203	-0.151082	0.058941	-0.591958	-0.681112	-0.216537	-0.559367	-0.245873	-0.203648	-0.261454	0.279225	-0.588908	-0.252506	0.012720	-0.050608	-0.427761	-0.367271	0.333313	0.071926	0.079835	-0.162454	-0.283942	-0.196311	-0.113048	-0.255655	-0.320865	-0.176123
-0.000360	0.861660	0.832538	0.805812	0.860217	1.000000	0.742373	0.869085	0.832050	0.736615	0.406415	0.869669	0.819031	0.850802	0.813262	0.775712	0.799706	0.456618	0.372435	0.580073	0.310167	0.675553	0.581057	0.529160	0.239184	0.581180	0.629106	0.663405	0.481371	0.802550	0.313483	0.318610	0.799336	0.466737	0.421920	0.556274	0.905809	0.765957	0.829575	0.611165	0.410013	0.705828	-0.020924	0.699432	-0.603768	-0.171368	-0.354721	0.165528	0.577022	0.298950	0.388397	0.091415	0.152512	0.293110	-0.085206	-0.348422	0.469909	0.416513	0.642681	0.642170	-0.119537	0.762259	-0.635208	-0.449588	-0.315353	-0.232427	-0.065595	-0.654743	-0.720734	-0.313672	-0.651283	-0.398087	-0.342290	-0.363735	0.083091	-0.526645	-0.370179	-0.109551	-0.207230	-0.552165	-0.426265	0.247175	-0.006477	0.042195	-0.266710	-0.357950	-0.323126	-0.233981	-0.351974	-0.186560	-0.219887
-0.000181	0.890200	0.895538	0.716562	0.876213	0.742373	1.000000	0.741891	0.595493	0.922310	0.761714	0.674154	0.843950	0.660640	0.536848	0.938318	0.602843	0.665704	0.716558	0.893409	0.678525	0.886102	0.832592	0.767940	0.669016	0.835480	0.905308	0.862586	0.815563	0.926603	0.720924	0.719690	0.884329	0.832597	0.778204	0.828367	0.691747	0.939493	0.810074	0.904962	0.771871	0.932819	0.391804	0.934322	-0.320113	0.238568	-0.256812	0.361228	0.541883	0.397004	0.230761	0.175832	0.134088	0.162153	0.019767	-0.172510	0.327892	0.505520	0.637478	0.435020	-0.156797	0.676321	-0.499779	-0.137125	-0.172285	-0.188070	0.025974	-0.550316	-0.625613	-0.193246	-0.488766	-0.168850	-0.157360	-0.259930	0.299674	-0.606495	-0.180927	0.000958	-0.008069	-0.328580	-0.381381	0.209576	-0.025967	-0.005398	-0.154862	-0.293073	-0.186956	-0.122366	-0.259353	-0.364637	-0.223552
-0.000456	0.882306	0.834607	0.806089	0.859293	0.869085	0.741891	1.000000	0.837080	0.741602	0.413326	0.870367	0.813586	0.845966	0.813701	0.785640	0.768323	0.471570	0.373064	0.587073	0.306928	0.679979	0.592677	0.541593	0.237809	0.589238	0.638165	0.669296	0.484010	0.813177	0.312499	0.316893	0.818925	0.467957	0.433555	0.567143	0.913764	0.775841	0.836115	0.616545	0.409500	0.718260	-0.028561	0.711883	-0.608182	-0.181621	-0.364220	0.123431	0.534275	0.250483	0.343071	0.051917	0.103067	0.244522	-0.119660	-0.370483	0.424097	0.376431	0.605168	0.598280	-0.146877	0.731187	-0.650746	-0.448508	-0.333996	-0.257367	-0.102315	-0.656553	-0.713369	-0.322072	-0.653657	-0.413903	-0.358454	-0.383666	0.041354	-0.513518	-0.370442	-0.135428	-0.220994	-0.555620	-0.440691	0.196448	-0.045496	0.000386	-0.277119	-0.374747	-0.348437	-0.258147	-0.366937	-0.168254	-0.227258
0.000110	0.774641	0.723630	0.756793	0.765251	0.832050	0.595493	0.837080	1.000000	0.591781	0.230809	0.860073	0.724293	0.843399	0.847351	0.639374	0.794363	0.333400	0.203606	0.403404	0.132641	0.530733	0.433420	0.391038	0.043960	0.431764	0.464148	0.524234	0.302819	0.679393	0.122825	0.128342	0.693290	0.278979	0.242872	0.399940	0.906962	0.627081	0.754690	0.438773	0.228965	0.553880	-0.188575	0.546151	-0.678354	-0.328950	-0.369254	0.047799	0.515497	0.204956	0.402425	0.022417	0.127563	0.297291	-0.143415	-0.405278	0.466403	0.321256	0.569170	0.657934	-0.107792	0.712989	-0.649067	-0.542752	-0.356911	-0.243786	-0.118177	-0.645669	-0.696832	-0.341527	-0.666910	-0.472290	-0.402104	-0.387354	-0.039437	-0.441805	-0.422603	-0.161747	-0.281589	-0.599241	-0.416282	0.215518	-0.019475	0.039491	-0.296063	-0.364830	-0.369019	-0.273224	-0.372398	-0.084650	-0.203393
0.000181	0.898254	0.902143	0.713443	0.880402	0.736615	0.922310	0.741602	0.591781	1.000000	0.787405	0.663501	0.848602	0.651012	0.520923	0.954571	0.590531	0.675899	0.738643	0.918898	0.707631	0.906318	0.853945	0.780688	0.699222	0.853576	0.929003	0.877469	0.841368	0.938589	0.749862	0.751652	0.896683	0.858870	0.803056	0.847891	0.683503	0.955809	0.812135	0.929974	0.795335	0.953824	0.420922	0.956397	-0.304758	0.264060	-0.253941	0.376722	0.544803	0.406079	0.220753	0.186582	0.135721	0.155363	0.028037	-0.165288	0.317267	0.513852	0.636823	0.423125	-0.160184	0.670909	-0.496747	-0.118876	-0.166172	-0.187219	0.033821	-0.551729	-0.630317	-0.189850	-0.485582	-0.155851	-0.148194	-0.255540	0.319293	-0.618743	-0.171882	0.008613	0.007228	-0.322768	-0.383865	0.207069	-0.027418	-0.004656	-0.152136	-0.292465	-0.178147	-0.116428	-0.256061	-0.383958	-0.227064
-0.000214	0.623635	0.684970	0.453472	0.604352	0.406415	0.761714	0.413326	0.230809	0.787405	1.000000	0.311880	0.627008	0.310773	0.157047	0.749755	0.265519	0.737845	0.835380	0.898648	0.826009	0.785883	0.813010	0.757071	0.892929	0.809130	0.856704	0.769394	0.859237	0.755286	0.886771	0.880008	0.672594	0.896916	0.912220	0.835024	0.310270	0.764293	0.553428	0.896050	0.866610	0.823916	0.682740	0.835739	0.019149	0.578202	-0.106894	0.407027	0.329066	0.309171	-0.018046	0.147382	0.009029	-0.059453	0.063548	0.049543	0.090409	0.470022	0.456255	0.129086	-0.179392	0.398269	-0.243157	0.194483	0.004364	-0.121898	0.060725	-0.308895	-0.377428	-0.025656	-0.202421	0.088937	0.041697	-0.104167	0.350059	-0.498914	0.044343	0.070205	0.160134	-0.003334	-0.239458	0.069531	-0.064925	-0.127395	0.010036	-0.159309	-0.028396	-0.015222	-0.110866	-0.370189	-0.165598
-0.000131	0.815386	0.791181	0.819987	0.834054	0.869669	0.674154	0.870367	0.860073	0.663501	0.311880	1.000000	0.792482	0.887682	0.852295	0.713258	0.844742	0.383119	0.287523	0.488302	0.223840	0.590776	0.503596	0.457624	0.135998	0.499838	0.544169	0.588359	0.393001	0.741064	0.216336	0.221561	0.748470	0.369760	0.321246	0.473996	0.920011	0.699664	0.799128	0.522613	0.316546	0.627824	-0.099579	0.620261	-0.633514	-0.241451	-0.350076	0.150757	0.604767	0.307991	0.462948	0.108515	0.193351	0.364540	-0.074244	-0.352076	0.521678	0.409976	0.658992	0.702078	-0.080399	0.792429	-0.623833	-0.496019	-0.313657	-0.214167	-0.052131	-0.643517	-0.705981	-0.321154	-0.652852	-0.421562	-0.353895	-0.347838	0.068777	-0.501776	-0.395253	-0.115811	-0.229373	-0.570902	-0.404587	0.297828	0.034857	0.090258	-0.273054	-0.345110	-0.320011	-0.227027	-0.343936	-0.165370	-0.202128
0.000175	0.862316	0.946632	0.870935	0.923511	0.819031	0.843950	0.813586	0.724293	0.848602	0.627008	0.792482	1.000000	0.817075	0.695974	0.854503	0.786280	0.572689	0.570251	0.755527	0.503678	0.786636	0.699559	0.623218	0.463732	0.691491	0.775394	0.762042	0.650873	0.910296	0.519439	0.540789	0.848543	0.665542	0.613205	0.702797	0.803328	0.853920	0.826810	0.783645	0.602729	0.819328	0.198971	0.820833	-0.439348	0.056400	-0.198446	0.387668	0.634724	0.413825	0.368893	0.212309	0.202042	0.265651	0.062920	-0.135688	0.497868	0.597611	0.767196	0.608549	-0.015904	0.778203	-0.501741	-0.235776	-0.118773	-0.108793	0.078019	-0.526797	-0.624762	-0.143074	-0.493373	-0.181624	-0.150249	-0.210059	0.281655	-0.519185	-0.181433	0.056104	0.008643	-0.339920	-0.304418	0.332353	0.110175	0.027515	-0.069410	-0.219776	-0.141612	-0.068219	-0.191269	-0.255553	-0.104712
-0.000307	0.779381	0.805365	0.860583	0.840317	0.850802	0.660640	0.845966	0.843399	0.651012	0.310773	0.887682	0.817075	1.000000	0.860157	0.689140	0.883148	0.354408	0.285491	0.476712	0.218132	0.587293	0.474812	0.420360	0.127510	0.468456	0.527615	0.571814	0.379115	0.734226	0.205381	0.221668	0.726508	0.364941	0.301317	0.453651	0.899124	0.677858	0.769341	0.512566	0.310363	0.604769	-0.093155	0.599395	-0.613683	-0.228524	-0.272151	0.232995	0.652003	0.367437	0.515922	0.177667	0.254914	0.408942	0.004888	-0.270172	0.611276	0.492044	0.722590	0.757798	0.016263	0.812447	-0.569419	-0.454126	-0.227799	-0.129047	0.028005	-0.587717	-0.672543	-0.242583	-0.596327	-0.346229	-0.278756	-0.273403	0.138052	-0.467650	-0.327058	-0.030441	-0.147440	-0.504613	-0.329862	0.380464	0.131482	0.127920	-0.179957	-0.264567	-0.231928	-0.138278	-0.256465	-0.165106	-0.118353
0.000110	0.709071	0.679950	0.763014	0.730387	0.813262	0.536848	0.813701	0.847351	0.520923	0.157047	0.852295	0.695974	0.860157	1.000000	0.572576	0.824787	0.265919	0.141712	0.325561	0.070247	0.462320	0.359567	0.318916	-0.031402	0.351865	0.387721	0.454446	0.234535	0.615844	0.048526	0.058772	0.629069	0.205686	0.159333	0.327242	0.886471	0.557843	0.705773	0.361960	0.159221	0.478081	-0.240499	0.468859	-0.692783	-0.372007	-0.337088	0.069624	0.548380	0.234678	0.483060	0.061472	0.176035	0.374288	-0.103537	-0.375194	0.548529	0.340418	0.589542	0.706107	-0.042320	0.730513	-0.618236	-0.558269	-0.323979	-0.197160	-0.079240	-0.617039	-0.678049	-0.316934	-0.646867	-0.455764	-0.381654	-0.348014	-0.019902	-0.408158	-0.411499	-0.136923	-0.266629	-0.587053	-0.371017	0.286544	0.050180	0.095177	-0.266170	-0.321461	-0.331778	-0.236225	-0.333670	-0.068319	-0.162172
0.000018	0.941278	0.908499	0.725962	0.908204	0.775712	0.938318	0.785640	0.639374	0.954571	0.749755	0.713258	0.854503	0.689140	0.572576	1.000000	0.625212	0.666637	0.713669	0.910868	0.685347	0.914983	0.860680	0.796995	0.658777	0.861568	0.928986	0.885449	0.835126	0.947122	0.722287	0.716201	0.923122	0.835185	0.776546	0.839716	0.737269	0.985962	0.840020	0.921295	0.774004	0.972187	0.374917	0.969222	-0.339077	0.218258	-0.303091	0.342499	0.562020	0.414693	0.254389	0.178239	0.147516	0.192819	0.004462	-0.215840	0.335599	0.482520	0.631021	0.459342	-0.183901	0.700690	-0.529237	-0.171775	-0.213234	-0.217993	0.012067	-0.589759	-0.658888	-0.240911	-0.530564	-0.211534	-0.194509	-0.293156	0.295362	-0.647336	-0.226832	-0.031237	-0.045264	-0.382031	-0.421549	0.209293	-0.047192	0.023790	-0.211719	-0.333300	-0.221872	-0.155145	-0.299504	-0.403463	-0.266586
-0.000058	0.691878	0.756312	0.844158	0.795270	0.799706	0.602843	0.768323	0.794363	0.590531	0.265519	0.844742	0.786280	0.883148	0.824787	0.625212	1.000000	0.276120	0.254670	0.424724	0.190051	0.528245	0.412375	0.355337	0.096994	0.403894	0.468509	0.506359	0.338943	0.666042	0.172824	0.192235	0.651317	0.324097	0.242796	0.394015	0.828337	0.615100	0.703876	0.458793	0.275333	0.538348	-0.100347	0.532544	-0.576412	-0.221927	-0.199790	0.305399	0.705070	0.436773	0.607139	0.258636	0.347428	0.504307	0.091957	-0.186506	0.683552	0.535808	0.765313	0.818170	0.110718	0.828284	-0.478857	-0.419971	-0.140426	-0.048416	0.116093	-0.516172	-0.611025	-0.178994	-0.530904	-0.278833	-0.209028	-0.185552	0.211128	-0.434373	-0.284294	0.037745	-0.089679	-0.442471	-0.246411	0.487668	0.235679	0.205180	-0.112580	-0.185015	-0.145579	-0.053089	-0.176846	-0.186469	-0.057296
-0.000194	0.642255	0.615074	0.432916	0.547404	0.456618	0.665704	0.471570	0.333400	0.675899	0.737845	0.383119	0.572689	0.354408	0.265919	0.666637	0.276120	1.000000	0.673352	0.746756	0.639529	0.676385	0.765352	0.760208	0.695760	0.757261	0.723850	0.690473	0.700485	0.696875	0.711697	0.656235	0.624992	0.697504	0.813897	0.754026	0.412393	0.685412	0.554728	0.743481	0.682328	0.728382	0.468206	0.727334	-0.102158	0.367758	-0.272123	0.086378	0.170904	0.045414	-0.119827	-0.160304	-0.226233	-0.190039	-0.236722	-0.171008	-0.007343	0.219753	0.300766	0.098124	-0.373176	0.336522	-0.377724	0.044318	-0.217189	-0.339172	-0.232354	-0.365986	-0.359655	-0.177819	-0.297336	-0.153233	-0.193994	-0.312270	-0.000731	-0.389074	-0.106690	-0.199248	-0.110132	-0.109381	-0.371247	-0.156142	-0.295008	-0.303141	-0.169215	-0.327102	-0.289430	-0.275699	-0.313304	-0.153569	-0.290489
-0.001007	0.583080	0.624979	0.406334	0.566739	0.372435	0.716558	0.373064	0.203606	0.738643	0.835380	0.287523	0.570251	0.285491	0.141712	0.713669	0.254670	0.673352	1.000000	0.849391	0.809818	0.747302	0.772413	0.731645	0.856527	0.770799	0.815008	0.737776	0.834200	0.697966	0.858637	0.853561	0.628084	0.860216	0.852311	0.801479	0.284405	0.724970	0.506716	0.840245	0.835266	0.784429	0.690611	0.792677	0.059235	0.591960	-0.084354	0.414753	0.334144	0.337089	0.015582	0.173544	0.056318	-0.015070	0.093936	0.056920	0.104747	0.430971	0.431350	0.131540	-0.151585	0.374694	-0.225815	0.207650	0.019513	-0.105827	0.091725	-0.285493	-0.349582	-0.007094	-0.172111	0.109710	0.062042	-0.088604	0.384009	-0.503883	0.063920	0.084921	0.177196	0.025176	-0.228851	0.099628	-0.040750	-0.070917	0.011279	-0.144912	-0.003026	0.001745	-0.092546	-0.391691	-0.156631
0.000052	0.792406	0.819752	0.584275	0.770404	0.580073	0.893409	0.587073	0.403404	0.918898	0.898648	0.488302	0.755527	0.476712	0.325561	0.910868	0.424724	0.746756	0.849391	1.000000	0.832109	0.904930	0.894882	0.833109	0.867383	0.897036	0.961090	0.877794	0.928380	0.886942	0.897091	0.886100	0.823483	0.953146	0.923507	0.902526	0.493204	0.920404	0.701890	0.986349	0.903718	0.959620	0.604611	0.965766	-0.127021	0.465328	-0.189992	0.411700	0.451344	0.386933	0.096941	0.174154	0.078190	0.048485	0.045575	-0.067188	0.197221	0.490205	0.554753	0.266867	-0.190711	0.547244	-0.381589	0.057638	-0.089046	-0.170352	0.048596	-0.443866	-0.512780	-0.117994	-0.354241	-0.034248	-0.054001	-0.191915	0.363839	-0.590892	-0.063398	0.033569	0.085748	-0.166859	-0.334094	0.138895	-0.061285	-0.057813	-0.089592	-0.244569	-0.110190	-0.073174	-0.198597	-0.415220	-0.220635
-0.000052	0.522953	0.562870	0.335648	0.509242	0.310167	0.678525	0.306928	0.132641	0.707631	0.826009	0.223840	0.503678	0.218132	0.070247	0.685347	0.190051	0.639529	0.809818	0.832109	1.000000	0.714498	0.759910	0.716711	0.884841	0.760314	0.796948	0.697680	0.832416	0.637122	0.884639	0.868001	0.580542	0.858451	0.841456	0.771098	0.210715	0.692604	0.455288	0.822983	0.852066	0.757756	0.738969	0.764983	0.141124	0.656007	-0.102344	0.434960	0.329495	0.378984	0.003097	0.212383	0.081363	-0.005674	0.116337	0.066327	0.073520	0.418104	0.396638	0.089409	-0.179904	0.345799	-0.181945	0.255161	0.014910	-0.104378	0.106817	-0.275409	-0.339626	-0.043188	-0.161242	0.119565	0.069871	-0.077323	0.431238	-0.533163	0.044680	0.082153	0.169501	0.013417	-0.233521	0.102666	-0.057844	-0.027806	-0.030843	-0.154552	0.008700	0.011235	-0.104291	-0.454478	-0.202373
-0.000566	0.849168	0.839616	0.649547	0.821817	0.675553	0.886102	0.679979	0.530733	0.906318	0.785883	0.590776	0.786636	0.587293	0.462320	0.914983	0.528245	0.676385	0.747302	0.904930	0.714498	1.000000	0.846845	0.781942	0.725968	0.846824	0.909811	0.859137	0.845932	0.888466	0.773376	0.762746	0.852166	0.856437	0.807623	0.837647	0.618239	0.919607	0.740786	0.909381	0.805211	0.926687	0.453869	0.928495	-0.263263	0.310896	-0.253564	0.359595	0.499069	0.389114	0.184200	0.167244	0.112117	0.126418	0.015455	-0.161191	0.275180	0.473928	0.583065	0.376050	-0.186093	0.616346	-0.477575	-0.077986	-0.167531	-0.198075	0.019708	-0.532646	-0.604431	-0.190719	-0.461015	-0.144002	-0.141024	-0.256706	0.312256	-0.612683	-0.161979	-0.007933	0.002892	-0.296922	-0.384070	0.172510	-0.057475	-0.013342	-0.162598	-0.295293	-0.181994	-0.124006	-0.261148	-0.390842	-0.241833
-0.000163	0.788296	0.756189	0.543352	0.724267	0.581057	0.832592	0.592677	0.433420	0.853945	0.813010	0.503596	0.699559	0.474812	0.359567	0.860680	0.412375	0.765352	0.772413	0.894882	0.759910	0.846845	1.000000	0.832059	0.783453	0.868679	0.882036	0.834052	0.849812	0.828017	0.824232	0.788627	0.789103	0.858742	0.864011	0.858282	0.521765	0.866816	0.683631	0.893145	0.817717	0.896759	0.530776	0.895986	-0.166799	0.405791	-0.288036	0.264091	0.379777	0.281730	0.057362	0.056005	-0.010496	0.007092	-0.078809	-0.175798	0.144011	0.371188	0.462980	0.251957	-0.296584	0.514334	-0.446076	-0.013264	-0.202981	-0.274501	-0.079001	-0.487571	-0.525257	-0.218987	-0.407359	-0.153709	-0.173015	-0.291962	0.219557	-0.585848	-0.157468	-0.097330	-0.052546	-0.230848	-0.416825	0.040659	-0.177452	-0.101769	-0.199526	-0.339597	-0.238435	-0.195214	-0.309247	-0.357330	-0.310537
-0.000147	0.735770	0.678833	0.472911	0.655734	0.529160	0.767940	0.541593	0.391038	0.780688	0.757071	0.457624	0.623218	0.420360	0.318916	0.796995	0.355337	0.760208	0.731645	0.833109	0.716711	0.781942	0.832059	1.000000	0.746484	0.827881	0.814912	0.770133	0.809795	0.755521	0.784656	0.732415	0.724340	0.786052	0.822331	0.815058	0.478174	0.807949	0.624592	0.825408	0.763347	0.835692	0.509998	0.831336	-0.128705	0.405693	-0.341353	0.175977	0.307664	0.217636	0.006092	-0.020580	-0.071818	-0.043310	-0.152843	-0.217288	0.076360	0.277837	0.380108	0.195278	-0.372047	0.459288	-0.435273	-0.020919	-0.261054	-0.337470	-0.150439	-0.478242	-0.481209	-0.267423	-0.404287	-0.196380	-0.227442	-0.348019	0.137682	-0.544925	-0.205271	-0.184661	-0.132777	-0.234503	-0.464156	-0.034755	-0.256524	-0.138173	-0.266709	-0.391655	-0.302198	-0.272660	-0.369139	-0.331840	-0.364934
0.000099	0.477524	0.528334	0.271779	0.459899	0.239184	0.669016	0.237809	0.043960	0.699222	0.892929	0.135998	0.463732	0.127510	-0.031402	0.658777	0.096994	0.695760	0.856527	0.867383	0.884841	0.725968	0.783453	0.746484	1.000000	0.784227	0.811301	0.705701	0.875933	0.615235	0.962517	0.934397	0.552374	0.906687	0.914758	0.804943	0.120759	0.674135	0.406856	0.852149	0.898750	0.755172	0.826593	0.767018	0.195646	0.741262	-0.083385	0.420641	0.262567	0.332947	-0.086975	0.168326	0.015652	-0.092111	0.089066	0.094601	-0.007977	0.393268	0.343947	-0.002625	-0.216755	0.279072	-0.143967	0.325309	0.030183	-0.113865	0.078532	-0.228668	-0.281896	-0.017846	-0.108619	0.155526	0.094964	-0.064809	0.409649	-0.498131	0.089413	0.072499	0.187139	0.079518	-0.220873	0.034493	-0.102367	-0.086513	-0.006483	-0.145615	0.011360	0.007376	-0.093504	-0.444059	-0.202643
-0.000387	0.789881	0.753460	0.537343	0.722405	0.581180	0.835480	0.589238	0.431764	0.853576	0.809130	0.499838	0.691491	0.468456	0.351865	0.861568	0.403894	0.757261	0.770799	0.897036	0.760314	0.846824	0.868679	0.827881	0.784227	1.000000	0.884278	0.831108	0.855504	0.828399	0.822270	0.787639	0.793182	0.855659	0.864829	0.856534	0.519286	0.869264	0.684211	0.893547	0.820741	0.898925	0.531315	0.898330	-0.162244	0.407740	-0.283484	0.260602	0.376699	0.275307	0.052012	0.049333	-0.013393	-0.000194	-0.083597	-0.179580	0.134780	0.359329	0.458394	0.241911	-0.297260	0.506894	-0.447927	-0.003322	-0.203454	-0.271773	-0.079737	-0.482171	-0.520361	-0.214103	-0.402628	-0.140919	-0.170846	-0.293778	0.213642	-0.581541	-0.149448	-0.094218	-0.048220	-0.224338	-0.413937	0.032606	-0.178462	-0.106366	-0.196172	-0.342231	-0.238149	-0.198313	-0.307412	-0.355515	-0.305183
-0.000262	0.834197	0.839096	0.614263	0.801704	0.629106	0.905308	0.638165	0.464148	0.929003	0.856704	0.544169	0.775394	0.527615	0.387721	0.928986	0.468509	0.723850	0.815008	0.961090	0.796948	0.909811	0.882036	0.814912	0.811301	0.884278	1.000000	0.879520	0.898743	0.901268	0.849946	0.840982	0.854562	0.922164	0.883966	0.886169	0.556131	0.935009	0.744946	0.963708	0.867268	0.960339	0.547073	0.963378	-0.186226	0.395342	-0.217061	0.383596	0.471123	0.378826	0.127770	0.165891	0.086183	0.076987	0.026761	-0.110507	0.224800	0.478084	0.566654	0.308816	-0.191390	0.577976	-0.432683	-0.000758	-0.125950	-0.187262	0.030995	-0.487598	-0.554355	-0.147778	-0.400684	-0.082245	-0.092601	-0.223211	0.334894	-0.602124	-0.102540	0.015222	0.052666	-0.223799	-0.357954	0.146076	-0.065482	-0.044339	-0.118663	-0.268947	-0.144833	-0.099105	-0.226261	-0.405172	-0.229540
0.000126	0.834067	0.815589	0.628356	0.792118	0.663405	0.862586	0.669296	0.524234	0.877469	0.769394	0.588359	0.762042	0.571814	0.454446	0.885449	0.506359	0.690473	0.737776	0.877794	0.697680	0.859137	0.834052	0.770133	0.705701	0.831108	0.879520	1.000000	0.819199	0.869389	0.751594	0.741900	0.831283	0.830914	0.801682	0.826544	0.610408	0.890156	0.743986	0.883483	0.779831	0.900827	0.445485	0.899919	-0.256332	0.299840	-0.257070	0.310748	0.458890	0.330378	0.149105	0.114990	0.062106	0.085306	-0.027554	-0.178492	0.241878	0.434682	0.548492	0.346680	-0.206567	0.584785	-0.486760	-0.076482	-0.182639	-0.222561	-0.019767	-0.526618	-0.589007	-0.190089	-0.454925	-0.156692	-0.157700	-0.271104	0.256069	-0.585280	-0.158348	-0.039384	-0.017517	-0.282011	-0.392987	0.126697	-0.086596	-0.060881	-0.164032	-0.303490	-0.202255	-0.153278	-0.270781	-0.342821	-0.242477
0.000739	0.696360	0.713827	0.483289	0.671845	0.481371	0.815563	0.484010	0.302819	0.841368	0.859237	0.393001	0.650873	0.379115	0.234535	0.835126	0.338943	0.700485	0.834200	0.928380	0.832416	0.845932	0.849812	0.809795	0.875933	0.855504	0.898743	0.819199	1.000000	0.784068	0.899168	0.878490	0.736371	0.920776	0.886838	0.854310	0.388118	0.842495	0.610195	0.920159	0.887277	0.887734	0.652440	0.892705	-0.046069	0.526988	-0.191268	0.408657	0.414254	0.394241	0.074492	0.185728	0.088639	0.047935	0.060632	-0.049699	0.156370	0.447444	0.491052	0.212687	-0.210961	0.479890	-0.331920	0.107096	-0.082688	-0.166620	0.056783	-0.412219	-0.473661	-0.124990	-0.315634	-0.009666	-0.037716	-0.175030	0.385520	-0.589258	-0.056850	0.025696	0.083014	-0.135488	-0.324313	0.126273	-0.078407	-0.026053	-0.110156	-0.240333	-0.096241	-0.067282	-0.196504	-0.445767	-0.243207
-0.000104	0.938560	0.959316	0.794680	0.920505	0.802550	0.926603	0.813177	0.679393	0.938589	0.755286	0.741064	0.910296	0.734226	0.615844	0.947122	0.666042	0.696875	0.697966	0.886942	0.637122	0.888466	0.828017	0.755521	0.615235	0.828399	0.901268	0.869389	0.784068	1.000000	0.668809	0.679688	0.915394	0.802470	0.773602	0.831846	0.772619	0.950753	0.856751	0.905906	0.736702	0.939220	0.324876	0.941648	-0.384287	0.167228	-0.240698	0.335720	0.537827	0.342343	0.222104	0.131881	0.091924	0.130018	-0.011196	-0.184737	0.341907	0.520722	0.670066	0.464976	-0.138279	0.699339	-0.536800	-0.169288	-0.170657	-0.191152	0.001703	-0.558364	-0.641519	-0.173098	-0.504546	-0.182100	-0.171434	-0.271557	0.246458	-0.571650	-0.172206	0.001239	-0.005639	-0.331669	-0.378079	0.191109	-0.019807	-0.071372	-0.120075	-0.286000	-0.195038	-0.133249	-0.250863	-0.285104	-0.183158
0.000392	0.550372	0.584146	0.331652	0.527894	0.313483	0.720924	0.312499	0.122825	0.749862	0.886771	0.216336	0.519439	0.205381	0.048526	0.722287	0.172824	0.711697	0.858637	0.897091	0.884639	0.773376	0.824232	0.784656	0.962517	0.822270	0.849946	0.751594	0.899168	0.668809	1.000000	0.924356	0.612117	0.920959	0.919385	0.827338	0.202206	0.736526	0.469716	0.881977	0.909466	0.807410	0.789059	0.816596	0.132022	0.688199	-0.128964	0.410680	0.310992	0.357679	-0.033584	0.170256	0.037774	-0.042484	0.070944	0.040282	0.041432	0.395136	0.382711	0.065489	-0.227061	0.344277	-0.201258	0.264831	-0.016902	-0.144889	0.064260	-0.290637	-0.334945	-0.058278	-0.171762	0.094660	0.044590	-0.110620	0.400871	-0.531977	0.033419	0.042990	0.142030	0.013887	-0.267772	0.060623	-0.107013	-0.062779	-0.055947	-0.187292	-0.035854	-0.027356	-0.139582	-0.457308	-0.231740
-0.000328	0.543720	0.602766	0.361381	0.541008	0.318610	0.719690	0.316893	0.128342	0.751652	0.880008	0.221561	0.540789	0.221668	0.058772	0.716201	0.192235	0.656235	0.853561	0.886100	0.868001	0.762746	0.788627	0.732415	0.934397	0.787639	0.840982	0.741900	0.878490	0.679688	0.924356	1.000000	0.614143	0.917196	0.885523	0.810528	0.207254	0.728217	0.472706	0.876868	0.893748	0.794733	0.780754	0.808261	0.132867	0.695935	-0.050685	0.497423	0.351335	0.405917	0.005573	0.248296	0.100757	-0.005882	0.161632	0.117073	0.089472	0.471512	0.435840	0.088169	-0.131992	0.353127	-0.172972	0.292319	0.068405	-0.059857	0.153793	-0.256160	-0.335622	0.013822	-0.135545	0.178496	0.125791	-0.031953	0.481271	-0.527476	0.102767	0.144188	0.239950	0.055191	-0.194474	0.132737	-0.010873	-0.025600	0.036242	-0.110306	0.059425	0.064951	-0.051264	-0.464676	-0.149878
0.000091	0.925542	0.892863	0.749907	0.892148	0.799336	0.884329	0.818925	0.693290	0.896683	0.672594	0.748470	0.848543	0.726508	0.629069	0.923122	0.651317	0.624992	0.628084	0.823483	0.580542	0.852166	0.789103	0.724340	0.552374	0.793182	0.854562	0.831283	0.736371	0.915394	0.612117	0.614143	1.000000	0.739771	0.694990	0.774148	0.784059	0.920400	0.845926	0.839358	0.674861	0.897458	0.269569	0.896769	-0.423874	0.117872	-0.310026	0.277178	0.535224	0.343041	0.249566	0.122751	0.112288	0.174095	-0.040241	-0.257347	0.341264	0.455287	0.620631	0.479872	-0.174727	0.690969	-0.575691	-0.238272	-0.243984	-0.230081	-0.028954	-0.609931	-0.678542	-0.250550	-0.563677	-0.261448	-0.235188	-0.321743	0.211784	-0.598333	-0.249605	-0.055179	-0.082242	-0.420787	-0.423501	0.184031	-0.054696	-0.011739	-0.211289	-0.340073	-0.256101	-0.185303	-0.312612	-0.311950	-0.242116
0.000116	0.687277	0.730030	0.487160	0.676617	0.466737	0.832597	0.467957	0.278979	0.858870	0.896916	0.369760	0.665542	0.364941	0.205686	0.835185	0.324097	0.697504	0.860216	0.953146	0.858451	0.856437	0.858742	0.786052	0.906687	0.855659	0.922164	0.830914	0.920776	0.802470	0.920959	0.917196	0.739771	1.000000	0.910688	0.869507	0.363662	0.845927	0.607331	0.947273	0.912214	0.896106	0.686188	0.906290	-0.022593	0.568591	-0.119855	0.465833	0.420961	0.410967	0.069306	0.223905	0.105450	0.038890	0.111000	0.017203	0.162177	0.492949	0.513357	0.195708	-0.150718	0.469749	-0.295916	0.159778	-0.013125	-0.110441	0.109819	-0.367255	-0.445122	-0.053704	-0.263471	0.065013	0.033803	-0.116634	0.433942	-0.567449	0.013905	0.096749	0.164861	-0.073590	-0.266839	0.151489	-0.025080	-0.029082	-0.027606	-0.176836	-0.026191	-0.001722	-0.124662	-0.445261	-0.180525
0.000340	0.662087	0.682325	0.428415	0.605707	0.421920	0.778204	0.433555	0.242872	0.803056	0.912220	0.321246	0.613205	0.301317	0.159333	0.776546	0.242796	0.813897	0.852311	0.923507	0.841456	0.807623	0.864011	0.822331	0.914758	0.864829	0.883966	0.801682	0.886838	0.773602	0.919385	0.885523	0.694990	0.910688	1.000000	0.881319	0.330976	0.793375	0.570507	0.916033	0.882812	0.858224	0.685297	0.865682	0.015209	0.572270	-0.155208	0.303398	0.269660	0.219844	-0.087778	0.034583	-0.082018	-0.130013	-0.045790	-0.029756	0.017356	0.363780	0.389756	0.077924	-0.272249	0.367261	-0.291337	0.191937	-0.067479	-0.207678	-0.042712	-0.320866	-0.364110	-0.071444	-0.215872	0.032263	-0.022586	-0.180319	0.243318	-0.489194	0.019569	-0.022459	0.087558	-0.015481	-0.301345	-0.030220	-0.167865	-0.198864	-0.051831	-0.227773	-0.113352	-0.107448	-0.180580	-0.332309	-0.225937
0.000364	0.762689	0.764666	0.542449	0.713981	0.556274	0.828367	0.567143	0.399940	0.847891	0.835024	0.473996	0.702797	0.453651	0.327242	0.839716	0.394015	0.754026	0.801479	0.902526	0.771098	0.837647	0.858282	0.815058	0.804943	0.856534	0.886169	0.826544	0.854310	0.831846	0.827338	0.810528	0.774148	0.869507	0.881319	1.000000	0.489645	0.850968	0.667030	0.902167	0.828791	0.885805	0.554673	0.890220	-0.136660	0.426349	-0.221952	0.301878	0.375270	0.273182	0.041108	0.072808	-0.011011	-0.016787	-0.044457	-0.115950	0.136738	0.400374	0.480188	0.231806	-0.242938	0.494437	-0.393156	0.041013	-0.131970	-0.224459	-0.036868	-0.436234	-0.487667	-0.135295	-0.345537	-0.074959	-0.104010	-0.237052	0.241757	-0.548221	-0.079810	-0.034954	0.026117	-0.156043	-0.340930	0.053972	-0.130279	-0.128705	-0.114198	-0.276568	-0.168654	-0.140564	-0.235958	-0.336197	-0.242504
0.000077	0.872356	0.808971	0.823293	0.854334	0.905809	0.691747	0.913764	0.906962	0.683503	0.310270	0.920011	0.803328	0.899124	0.886471	0.737269	0.828337	0.412393	0.284405	0.493204	0.210715	0.618239	0.521765	0.478174	0.120759	0.519286	0.556131	0.610408	0.388118	0.772619	0.202206	0.207254	0.784059	0.363662	0.330976	0.489645	1.000000	0.723958	0.827753	0.527972	0.308901	0.648898	-0.125314	0.640520	-0.660633	-0.273359	-0.385772	0.085552	0.549737	0.242499	0.398527	0.045834	0.127847	0.292878	-0.132915	-0.405539	0.471492	0.358997	0.611427	0.663580	-0.129783	0.758001	-0.672190	-0.515610	-0.360453	-0.257415	-0.112520	-0.674529	-0.732196	-0.349899	-0.683402	-0.458045	-0.395690	-0.399385	0.001604	-0.506932	-0.416563	-0.153674	-0.262795	-0.602513	-0.447426	0.219562	-0.029046	0.031559	-0.303789	-0.385800	-0.369527	-0.276865	-0.384518	-0.136394	-0.228439
0.000140	0.937045	0.908382	0.719297	0.902924	0.765957	0.939493	0.775841	0.627081	0.955809	0.764293	0.699664	0.853920	0.677858	0.557843	0.985962	0.615100	0.685412	0.724970	0.920404	0.692604	0.919607	0.866816	0.807949	0.674135	0.869264	0.935009	0.890156	0.842495	0.950753	0.736526	0.728217	0.920400	0.845927	0.793375	0.850968	0.723958	1.000000	0.831039	0.930382	0.784951	0.974923	0.388636	0.972556	-0.327364	0.231496	-0.297813	0.340608	0.549930	0.405045	0.238604	0.167127	0.131897	0.175361	-0.002367	-0.209044	0.322991	0.478827	0.624760	0.444888	-0.190561	0.690729	-0.522737	-0.157529	-0.209182	-0.221493	0.004951	-0.580333	-0.647251	-0.233369	-0.519754	-0.203516	-0.190633	-0.291764	0.290567	-0.640004	-0.216743	-0.034484	-0.041221	-0.365835	-0.420426	0.196707	-0.055501	0.007539	-0.205176	-0.330731	-0.220940	-0.156752	-0.296943	-0.396571	-0.266103
-0.000103	0.883934	0.859288	0.771906	0.860175	0.829575	0.810074	0.836115	0.754690	0.812135	0.553428	0.799128	0.826810	0.769341	0.705773	0.840020	0.703876	0.554728	0.506716	0.701890	0.455288	0.740786	0.683631	0.624592	0.406856	0.684211	0.744946	0.743986	0.610195	0.856751	0.469716	0.472706	0.845926	0.607331	0.570507	0.667030	0.827753	0.831039	1.000000	0.723398	0.545917	0.798150	0.130028	0.794166	-0.512634	-0.025328	-0.318309	0.205871	0.530696	0.289070	0.293251	0.086948	0.102709	0.201115	-0.079458	-0.299635	0.380099	0.423156	0.616121	0.532340	-0.152779	0.707170	-0.604891	-0.335545	-0.272870	-0.232241	-0.059563	-0.622339	-0.689240	-0.271332	-0.597300	-0.324397	-0.286519	-0.340148	0.126599	-0.542185	-0.297595	-0.086316	-0.140809	-0.469689	-0.419062	0.192111	-0.042331	-0.017946	-0.221057	-0.345236	-0.291287	-0.211797	-0.324073	-0.225213	-0.220694
-0.000088	0.811905	0.845949	0.618773	0.795344	0.611165	0.904962	0.616545	0.438773	0.929974	0.896050	0.522613	0.783645	0.512566	0.361960	0.921295	0.458793	0.743481	0.840245	0.986349	0.822983	0.909381	0.893145	0.825408	0.852149	0.893547	0.963708	0.883483	0.920159	0.905906	0.881977	0.876868	0.839358	0.947273	0.916033	0.902167	0.527972	0.930382	0.723398	1.000000	0.896548	0.963834	0.586349	0.970769	-0.148319	0.445803	-0.193433	0.420257	0.475116	0.394350	0.115480	0.183461	0.089039	0.062545	0.051332	-0.070412	0.220115	0.513371	0.583324	0.296105	-0.180891	0.574894	-0.396246	0.036721	-0.091583	-0.164877	0.054248	-0.458629	-0.532187	-0.122357	-0.368764	-0.042167	-0.058814	-0.194058	0.365960	-0.600117	-0.072963	0.040422	0.085716	-0.182749	-0.337483	0.154980	-0.048209	-0.052869	-0.086926	-0.246064	-0.111169	-0.071244	-0.198964	-0.415843	-0.215783
-0.000279	0.624654	0.663441	0.430782	0.611299	0.410013	0.771871	0.409500	0.228965	0.795335	0.866610	0.316546	0.602729	0.310363	0.159221	0.774004	0.275333	0.682328	0.835266	0.903718	0.852066	0.805211	0.817717	0.763347	0.898750	0.820741	0.867268	0.779831	0.887277	0.736702	0.909466	0.893748	0.674861	0.912214	0.882812	0.828791	0.308901	0.784951	0.545917	0.896548	1.000000	0.838286	0.702482	0.848689	0.029664	0.599362	-0.129342	0.441824	0.385209	0.393583	0.042947	0.209244	0.088953	0.019395	0.098727	0.024806	0.127104	0.460888	0.466346	0.161117	-0.176732	0.426854	-0.264017	0.185778	-0.018517	-0.121268	0.092239	-0.344264	-0.415591	-0.066865	-0.237069	0.070389	0.030580	-0.115909	0.421882	-0.558393	0.010111	0.076011	0.148985	-0.053982	-0.269980	0.125901	-0.053750	-0.031519	-0.044722	-0.181428	-0.030407	-0.011249	-0.135874	-0.447484	-0.201195
-0.000137	0.901491	0.879917	0.669044	0.856898	0.705828	0.932819	0.718260	0.553880	0.953824	0.823916	0.627824	0.819328	0.604769	0.478081	0.972187	0.538348	0.728382	0.784429	0.959620	0.757756	0.926687	0.896759	0.835692	0.755172	0.898925	0.960339	0.900827	0.887734	0.939220	0.807410	0.794733	0.897458	0.896106	0.858224	0.885805	0.648898	0.974923	0.798150	0.963834	0.838286	1.000000	0.470746	0.988196	-0.263045	0.315379	-0.277451	0.341519	0.497605	0.374191	0.164129	0.142825	0.085227	0.105204	-0.012756	-0.180126	0.255172	0.463521	0.584859	0.365703	-0.218874	0.630483	-0.492910	-0.082752	-0.188578	-0.227953	-0.006630	-0.547890	-0.609952	-0.207478	-0.474616	-0.161027	-0.160318	-0.280897	0.292421	-0.628690	-0.171533	-0.033718	-0.013796	-0.305168	-0.410864	0.146195	-0.088728	-0.038365	-0.181279	-0.322073	-0.206968	-0.152677	-0.284546	-0.396545	-0.268649
-0.000765	0.182528	0.250714	0.038250	0.188754	-0.020924	0.391804	-0.028561	-0.188575	0.420922	0.682740	-0.099579	0.198971	-0.093155	-0.240499	0.374917	-0.100347	0.468206	0.690611	0.604611	0.738969	0.453869	0.530776	0.509998	0.826593	0.531315	0.547073	0.445485	0.652440	0.324876	0.789059	0.780754	0.269569	0.686188	0.685297	0.554673	-0.125314	0.388636	0.130028	0.586349	0.702482	0.470746	1.000000	0.486543	0.441557	0.826245	0.064483	0.463808	0.152643	0.341371	-0.121138	0.262229	0.082939	-0.084516	0.226299	0.277752	-0.077996	0.323510	0.193329	-0.141892	-0.104378	0.075435	0.110876	0.514378	0.192327	0.028621	0.204478	-0.002275	-0.057419	0.113417	0.133271	0.357215	0.271331	0.114215	0.503393	-0.386895	0.231604	0.190410	0.321219	0.284100	-0.043785	0.060285	-0.011562	0.008247	0.107751	0.012472	0.202931	0.164318	0.076751	-0.455596	-0.106730
-0.000123	0.894986	0.882708	0.668970	0.855297	0.699432	0.934322	0.711883	0.546151	0.956397	0.835739	0.620261	0.820833	0.599395	0.468859	0.969222	0.532544	0.727334	0.792677	0.965766	0.764983	0.928495	0.895986	0.831336	0.767018	0.898330	0.963378	0.899919	0.892705	0.941648	0.816596	0.808261	0.896769	0.906290	0.865682	0.890220	0.640520	0.972556	0.794166	0.970769	0.848689	0.988196	0.486543	1.000000	-0.254407	0.330028	-0.261785	0.356931	0.499079	0.378813	0.158746	0.151892	0.088242	0.100059	-0.001186	-0.164695	0.252840	0.476760	0.591204	0.358645	-0.208595	0.626951	-0.484303	-0.067629	-0.172485	-0.216172	0.005218	-0.537721	-0.604749	-0.191885	-0.462457	-0.142551	-0.143512	-0.267495	0.305865	-0.625412	-0.154423	-0.016766	0.004951	-0.290665	-0.399604	0.150557	-0.078931	-0.042225	-0.163363	-0.308517	-0.191023	-0.137427	-0.269644	-0.397256	-0.254881
-0.000007	-0.487466	-0.422531	-0.527745	-0.464704	-0.603768	-0.320113	-0.608182	-0.678354	-0.304758	0.019149	-0.633514	-0.439348	-0.613683	-0.692783	-0.339077	-0.576412	-0.102158	0.059235	-0.127021	0.141124	-0.263263	-0.166799	-0.128705	0.195646	-0.162244	-0.186226	-0.256332	-0.046069	-0.384287	0.132022	0.132867	-0.423874	-0.022593	0.015209	-0.136660	-0.660633	-0.327364	-0.512634	-0.148319	0.029664	-0.263045	0.441557	-0.254407	1.000000	0.585091	0.344683	0.195927	-0.284115	0.039217	-0.308031	0.163368	0.013099	-0.201297	0.280679	0.498297	-0.350481	-0.085198	-0.324657	-0.515266	0.081833	-0.469472	0.659092	0.684301	0.414591	0.258292	0.246345	0.579624	0.598040	0.334548	0.665711	0.582779	0.485574	0.420337	0.295383	0.154083	0.449220	0.256356	0.399943	0.639834	0.350080	-0.079761	0.064936	0.038028	0.297826	0.328024	0.450249	0.342757	0.375116	-0.185090	0.122903
0.000010	0.018787	0.099310	-0.096422	0.037102	-0.171368	0.238568	-0.181621	-0.328950	0.264060	0.578202	-0.241451	0.056400	-0.228524	-0.372007	0.218258	-0.221927	0.367758	0.591960	0.465328	0.656007	0.310896	0.405791	0.405693	0.741262	0.407740	0.395342	0.299840	0.526988	0.167228	0.688199	0.695935	0.117872	0.568591	0.572270	0.426349	-0.273359	0.231496	-0.025328	0.445803	0.599362	0.315379	0.826245	0.330028	0.585091	1.000000	0.137861	0.445890	0.065211	0.307063	-0.169833	0.264830	0.078696	-0.113818	0.265043	0.359297	-0.141435	0.261480	0.091178	-0.236348	-0.066353	-0.045367	0.246438	0.590975	0.264114	0.086636	0.234003	0.137057	0.092704	0.172454	0.270856	0.442127	0.344913	0.202777	0.502502	-0.290995	0.298632	0.218526	0.363423	0.395466	0.042986	0.042373	0.015276	0.020041	0.163920	0.090608	0.279755	0.220359	0.152780	-0.428479	-0.058450
0.000472	-0.376796	-0.209744	-0.185178	-0.264772	-0.354721	-0.256812	-0.364220	-0.369254	-0.253941	-0.106894	-0.350076	-0.198446	-0.272151	-0.337088	-0.303091	-0.199790	-0.272123	-0.084354	-0.189992	-0.102344	-0.253564	-0.288036	-0.341353	-0.083385	-0.283484	-0.217061	-0.257070	-0.191268	-0.240698	-0.128964	-0.050685	-0.310026	-0.119855	-0.155208	-0.221952	-0.385772	-0.297813	-0.318309	-0.193433	-0.129342	-0.277451	0.064483	-0.261785	0.344683	0.137861	1.000000	0.324993	-0.055366	0.045042	0.057596	0.265874	0.207412	0.061547	0.460989	0.624518	0.065163	0.160763	-0.005065	-0.134886	0.650900	-0.245685	0.533275	0.540159	0.734810	0.604547	0.503295	0.669629	0.538611	0.732725	0.684919	0.714753	0.686452	0.633714	0.277322	0.412320	0.684174	0.595512	0.672969	0.715108	0.632801	0.262844	0.559365	0.084071	0.776076	0.693391	0.719134	0.655889	0.766866	0.096153	0.698326
