1.000000	0.000057	0.000356	0.000188	-0.000140	-0.000150	-0.000293	-0.000054	0.000212	-0.000086	0.000171	0.000460	-0.000514	-0.000755	-0.000191	0.000250	0.000088	-0.000020	-0.000455	-0.000155	-0.000845	0.000098	0.000341	0.000317	-0.000086	-0.000254	-0.000262	-0.000981	-0.000087	0.000015	0.000122	-0.000225	0.000353	-0.000056	-0.000083	0.000215	0.000112	0.000186	-0.000620	-0.000063	-0.000097	0.000471	-0.000156	-0.000122	0.000709	0.000034	0.000322	-0.000421	-0.000797	-0.000355	0.000717	0.000212	-0.000225	-0.000308	0.000034	0.000867	-0.000505	0.000624	-0.000098	-0.000321	-0.000193	-0.000169	0.000227	-0.000001	0.000129	-0.000029	0.000613	0.000609	-0.000241	0.000267	0.000437	-0.000153	-0.000247	0.000081	-0.000259	0.000667	-0.000030	-0.000348	-0.000067	-0.000205	0.000122	-0.000375	-0.000296	-0.000809	0.000053	0.000974	0.000338	0.000270	0.000204	-0.000799	0.000201
0.000057	1.000000	0.926681	0.810227	0.936793	0.904619	0.870186	0.933536	0.838616	0.893218	0.597280	0.879147	0.883574	0.840578	0.798444	0.946992	0.736644	0.681058	0.526056	0.805968	0.439776	0.796955	0.801026	0.765706	0.524649	0.802462	0.864319	0.824297	0.632052	0.960643	0.577954	0.503771	0.929831	0.685292	0.723683	0.738237	0.875047	0.938318	0.857640	0.807804	0.556139	0.916297	0.073670	0.893060	-0.576104	-0.093080	-0.445644	0.142982	0.542664	0.232575	0.270642	-0.023458	0.017821	0.163602	-0.207185	-0.382763	0.357308	0.428570	0.630245	0.564733	-0.263219	0.742831	-0.694583	-0.401382	-0.379039	-0.320039	-0.155642	-0.718269	-0.772757	-0.323551	-0.691108	-0.446870	-0.388418	-0.429348	0.070225	-0.599094	-0.391880	-0.217647	-0.272920	-0.549649	-0.509443	0.144883	-0.139895	-0.081260	-0.352774	-0.471010	-0.438227	-0.343375	-0.464819	-0.095526	-0.283664
0.000356	0.926681	1.000000	0.922013	0.960553	0.905384	0.882897	0.902241	0.818670	0.896520	0.647095	0.878442	0.976698	0.902200	0.810036	0.920222	0.833788	0.657411	0.560890	0.821578	0.472085	0.799970	0.775955	0.724062	0.558554	0.775371	0.861202	0.808975	0.651121	0.968128	0.596251	0.547650	0.907882	0.716320	0.735941	0.738801	0.832153	0.915701	0.843767	0.832078	0.588513	0.891087	0.121809	0.877182	-0.528862	-0.032976	-0.309004	0.316255	0.661361	0.342246	0.365531	0.087478	0.100476	0.239538	-0.079359	-0.223351	0.493537	0.607690	0.796060	0.675019	-0.113654	0.828657	-0.592509	-0.317961	-0.218288	-0.200000	-0.030046	-0.617283	-0.699559	-0.180938	-0.580041	-0.306076	-0.258545	-0.302624	0.202555	-0.549557	-0.273828	-0.085399	-0.128866	-0.410870	-0.374900	0.314628	0.028581	-0.028515	-0.179488	-0.346046	-0.285318	-0.202503	-0.316659	-0.119172	-0.144293
0.000188	0.810227	0.922013	1.000000	0.890170	0.847771	0.748484	0.839289	0.792737	0.757221	0.497467	0.854143	0.924231	0.906973	0.815750	0.783207	0.871339	0.514717	0.426619	0.663015	0.329613	0.656150	0.613762	0.561061	0.392961	0.609639	0.707306	0.675491	0.493590	0.855798	0.424347	0.393066	0.780187	0.559757	0.565903	0.578095	0.815187	0.775499	0.768222	0.676353	0.435279	0.737976	-0.002514	0.721147	-0.559796	-0.136392	-0.222455	0.344351	0.677615	0.363809	0.460050	0.137042	0.174672	0.327143	-0.012619	-0.163986	0.595153	0.624851	0.811393	0.740272	0.025895	0.821064	-0.524702	-0.345175	-0.141432	-0.111234	0.035785	-0.542772	-0.636217	-0.122533	-0.528618	-0.270880	-0.215235	-0.226797	0.208107	-0.445977	-0.241139	-0.019141	-0.091278	-0.376300	-0.270702	0.418565	0.162958	0.051137	-0.100050	-0.247400	-0.208906	-0.123998	-0.222372	-0.050406	-0.039140
-0.000140	0.936793	0.960553	0.890170	1.000000	0.919908	0.862295	0.921226	0.850492	0.880094	0.570714	0.910107	0.946025	0.912947	0.839492	0.923328	0.853731	0.587871	0.504121	0.779879	0.421588	0.776632	0.749529	0.708354	0.495858	0.749496	0.833594	0.788346	0.610708	0.934283	0.547324	0.488314	0.904719	0.671380	0.662553	0.693382	0.867224	0.912985	0.843802	0.785944	0.535774	0.874529	0.056953	0.854292	-0.568426	-0.099299	-0.354887	0.296705	0.689124	0.394843	0.433202	0.124503	0.173473	0.324394	-0.067275	-0.272480	0.522798	0.571103	0.773627	0.708652	-0.105725	0.864093	-0.609846	-0.395288	-0.261185	-0.198357	-0.016560	-0.657753	-0.740725	-0.242244	-0.636556	-0.369421	-0.298125	-0.318810	0.215410	-0.585692	-0.345909	-0.105544	-0.184596	-0.503677	-0.404325	0.348440	0.043893	0.050652	-0.260237	-0.365938	-0.314535	-0.216043	-0.348004	-0.157098	-0.176906
-0.000150	0.904619	0.905384	0.847771	0.919908	1.000000	0.774729	0.908351	0.864217	0.786981	0.453294	0.909826	0.881161	0.895210	0.857935	0.844863	0.838680	0.550348	0.396052	0.672417	0.304987	0.676161	0.666223	0.630339	0.368302	0.662847	0.737291	0.711611	0.491801	0.880822	0.423498	0.353154	0.832743	0.546689	0.571428	0.600099	0.898814	0.832378	0.824801	0.677355	0.412966	0.789832	-0.064915	0.762223	-0.636048	-0.216129	-0.380993	0.177577	0.614978	0.291977	0.409173	0.033767	0.117932	0.294577	-0.145277	-0.339539	0.494194	0.474321	0.689533	0.691032	-0.130349	0.806524	-0.645904	-0.464593	-0.325134	-0.240083	-0.090845	-0.669281	-0.734396	-0.285912	-0.672074	-0.445652	-0.366831	-0.371443	0.086747	-0.512111	-0.387490	-0.166026	-0.260359	-0.555353	-0.421649	0.279526	-0.000202	0.020191	-0.300806	-0.387260	-0.385170	-0.277172	-0.389946	-0.046000	-0.189384
-0.000293	0.870186	0.882897	0.748484	0.862295	0.774729	1.000000	0.774639	0.621019	0.963234	0.816403	0.697701	0.867252	0.700298	0.588280	0.954648	0.617316	0.727670	0.717791	0.947991	0.671925	0.917746	0.895298	0.849233	0.785548	0.902144	0.961802	0.884903	0.848055	0.918859	0.822349	0.772713	0.931313	0.898149	0.872080	0.872054	0.618476	0.960084	0.771418	0.947217	0.792136	0.962751	0.354659	0.963314	-0.365374	0.197408	-0.333194	0.365595	0.588105	0.382579	0.237476	0.120342	0.075084	0.153089	-0.054197	-0.195633	0.338593	0.560933	0.687742	0.489524	-0.205517	0.710666	-0.541809	-0.188655	-0.211042	-0.218293	-0.018260	-0.603805	-0.668950	-0.179923	-0.526691	-0.229599	-0.203666	-0.280778	0.301121	-0.633606	-0.238883	-0.086141	-0.081772	-0.341494	-0.413643	0.227637	-0.058635	-0.046160	-0.215326	-0.368250	-0.257576	-0.192781	-0.331211	-0.282007	-0.227473
-0.000054	0.933536	0.902241	0.839289	0.921226	0.908351	0.774639	1.000000	0.876660	0.793829	0.450156	0.917394	0.870262	0.888824	0.863722	0.860475	0.806801	0.572086	0.386611	0.679529	0.292347	0.681374	0.677209	0.645174	0.362571	0.677353	0.749332	0.721693	0.487342	0.895114	0.421003	0.342442	0.852449	0.544781	0.584075	0.607439	0.915049	0.848104	0.843895	0.681656	0.404620	0.806311	-0.087684	0.775429	-0.654937	-0.244481	-0.404523	0.119159	0.565806	0.235464	0.363869	-0.013790	0.070637	0.251121	-0.187418	-0.377399	0.442410	0.424273	0.644130	0.642365	-0.165090	0.775212	-0.671788	-0.480436	-0.359136	-0.270655	-0.134374	-0.681503	-0.739261	-0.311337	-0.691223	-0.478034	-0.397063	-0.402311	0.031683	-0.502133	-0.402917	-0.197788	-0.290552	-0.579874	-0.446670	0.218723	-0.050140	-0.017107	-0.325021	-0.415632	-0.423978	-0.313076	-0.420948	-0.023185	-0.214019
0.000212	0.838616	0.818670	0.792737	0.850492	0.864217	0.621019	0.876660	1.000000	0.638200	0.256988	0.907996	0.791102	0.884967	0.887114	0.721083	0.839254	0.433481	0.224822	0.496706	0.121270	0.515627	0.514591	0.488862	0.160133	0.504971	0.577798	0.577915	0.300355	0.780822	0.219774	0.142727	0.717555	0.348732	0.397553	0.435175	0.935980	0.703031	0.767282	0.501021	0.218836	0.648057	-0.245232	0.611277	-0.705184	-0.383151	-0.376693	0.053492	0.548839	0.203378	0.428974	-0.029064	0.110830	0.315386	-0.187305	-0.389335	0.495578	0.363815	0.604327	0.697274	-0.104210	0.755299	-0.643837	-0.548269	-0.362309	-0.242545	-0.130477	-0.644171	-0.697853	-0.316308	-0.683663	-0.514187	-0.417311	-0.390406	-0.037378	-0.409296	-0.426126	-0.202948	-0.330405	-0.606441	-0.400189	0.251977	0.003580	0.035365	-0.322487	-0.374433	-0.423735	-0.306334	-0.394996	0.068662	-0.167926
-0.000086	0.893218	0.896520	0.757221	0.880094	0.786981	0.963234	0.793829	0.638200	1.000000	0.825261	0.711898	0.878827	0.712101	0.599431	0.973454	0.623753	0.732087	0.727056	0.959915	0.681316	0.930712	0.907657	0.859274	0.792810	0.913253	0.977108	0.898070	0.858126	0.935272	0.828948	0.783666	0.949707	0.909196	0.878089	0.881442	0.637348	0.977344	0.785934	0.960833	0.798762	0.980252	0.366540	0.980583	-0.367025	0.205135	-0.349419	0.368455	0.595717	0.389185	0.235611	0.126545	0.076790	0.150001	-0.053559	-0.203185	0.336571	0.569562	0.695136	0.493700	-0.216854	0.720312	-0.554756	-0.193764	-0.219697	-0.222909	-0.018542	-0.621829	-0.692774	-0.192389	-0.542365	-0.236414	-0.210361	-0.288710	0.309634	-0.657260	-0.249292	-0.087626	-0.085985	-0.358266	-0.426496	0.225575	-0.066898	-0.048327	-0.228085	-0.380851	-0.263094	-0.197475	-0.343477	-0.290763	-0.238489
0.000171	0.597280	0.647095	0.497467	0.570714	0.453294	0.816403	0.450156	0.256988	0.825261	1.000000	0.339059	0.641929	0.364408	0.219536	0.750507	0.284817	0.744780	0.819924	0.909633	0.821167	0.847389	0.839897	0.792046	0.947802	0.846962	0.865006	0.775611	0.908989	0.711072	0.931525	0.924662	0.732837	0.934811	0.921689	0.868598	0.243016	0.769659	0.512354	0.913601	0.909144	0.819638	0.655637	0.848451	-0.043422	0.535237	-0.209989	0.408489	0.390020	0.294829	-0.008993	0.109902	-0.050603	-0.067285	-0.003810	0.000382	0.110795	0.526035	0.528254	0.197123	-0.249262	0.435026	-0.318631	0.122071	-0.055552	-0.170679	0.007445	-0.392232	-0.437291	-0.033443	-0.246213	0.033047	-0.016618	-0.142729	0.344447	-0.565311	-0.031198	-0.017335	0.089293	-0.030443	-0.297560	0.092128	-0.118420	-0.170614	-0.053198	-0.264872	-0.088570	-0.090828	-0.199959	-0.352082	-0.201662
0.000460	0.879147	0.878442	0.854143	0.910107	0.909826	0.697701	0.917394	0.907996	0.711898	0.339059	1.000000	0.854592	0.929775	0.906331	0.789929	0.886390	0.480689	0.299862	0.577092	0.206511	0.587286	0.584609	0.555373	0.248154	0.579195	0.652852	0.638936	0.387735	0.835765	0.308642	0.234177	0.778852	0.436182	0.468715	0.506935	0.944700	0.772202	0.810620	0.582989	0.304987	0.718219	-0.163415	0.684875	-0.677392	-0.307328	-0.379589	0.141162	0.631497	0.289169	0.481495	0.035836	0.153752	0.365161	-0.141322	-0.357299	0.531431	0.444322	0.681694	0.738541	-0.093653	0.826928	-0.642867	-0.519850	-0.331489	-0.227521	-0.084785	-0.662816	-0.727404	-0.306023	-0.684195	-0.480712	-0.387257	-0.370861	0.054894	-0.480015	-0.419153	-0.174382	-0.293691	-0.591454	-0.407079	0.316751	0.036060	0.068531	-0.316354	-0.376478	-0.393946	-0.279661	-0.389959	-0.008600	-0.174977
-0.000514	0.883574	0.976698	0.924231	0.946025	0.881161	0.867252	0.870262	0.791102	0.878827	0.641929	0.854592	1.000000	0.891398	0.786624	0.894806	0.837621	0.623778	0.555132	0.806834	0.466139	0.784579	0.750285	0.697160	0.553371	0.748327	0.840953	0.786355	0.642656	0.937761	0.588089	0.545897	0.884124	0.710891	0.712326	0.716884	0.795076	0.891169	0.817005	0.817080	0.582013	0.863605	0.121802	0.851667	-0.508341	-0.026325	-0.275614	0.369157	0.688261	0.390398	0.395184	0.135940	0.144946	0.273025	-0.027552	-0.174014	0.524847	0.639721	0.821573	0.689638	-0.060703	0.836564	-0.548845	-0.301065	-0.171037	-0.157390	0.018148	-0.582077	-0.669729	-0.146672	-0.546485	-0.266131	-0.218553	-0.257325	0.252979	-0.530120	-0.247042	-0.042619	-0.089795	-0.377519	-0.332967	0.366764	0.086159	0.006994	-0.142044	-0.301261	-0.234907	-0.153736	-0.270500	-0.134972	-0.107867
-0.000755	0.840578	0.902200	0.906973	0.912947	0.895210	0.700298	0.888824	0.884967	0.712101	0.364408	0.929775	0.891398	1.000000	0.908132	0.772274	0.923264	0.455657	0.325633	0.582888	0.224875	0.596188	0.567361	0.527922	0.267238	0.560682	0.649291	0.631052	0.398897	0.832427	0.317814	0.262905	0.763340	0.454382	0.467359	0.504123	0.911755	0.756343	0.789634	0.593306	0.325245	0.703698	-0.126772	0.675500	-0.641589	-0.264420	-0.300139	0.244817	0.685234	0.357809	0.524135	0.109341	0.212483	0.401773	-0.058385	-0.261759	0.623352	0.546110	0.759261	0.796790	-0.000119	0.855077	-0.580924	-0.461251	-0.238463	-0.152298	-0.004048	-0.605053	-0.689986	-0.218289	-0.616740	-0.390743	-0.306306	-0.288988	0.139930	-0.460509	-0.343535	-0.089727	-0.202213	-0.508695	-0.330873	0.411569	0.138000	0.105001	-0.216499	-0.300787	-0.295830	-0.191423	-0.297033	-0.029975	-0.091250
-0.000191	0.798444	0.810036	0.815750	0.839492	0.857935	0.588280	0.863722	0.887114	0.599431	0.219536	0.906331	0.786624	0.908132	1.000000	0.680673	0.875489	0.387078	0.198654	0.452705	0.089480	0.480653	0.467234	0.438674	0.119336	0.458205	0.534842	0.539512	0.262916	0.751229	0.175690	0.108260	0.677056	0.309116	0.347498	0.390357	0.930627	0.661201	0.746922	0.459895	0.185532	0.603216	-0.260506	0.567202	-0.708775	-0.392792	-0.335283	0.098051	0.588402	0.242498	0.499374	0.016657	0.158976	0.380795	-0.139645	-0.349742	0.566913	0.403179	0.635924	0.740222	-0.035996	0.782746	-0.615522	-0.541069	-0.312481	-0.197575	-0.087481	-0.617854	-0.682928	-0.282761	-0.657297	-0.481164	-0.381163	-0.351688	0.000867	-0.390169	-0.402380	-0.162648	-0.295621	-0.578716	-0.355372	0.324270	0.077814	0.081933	-0.278513	-0.329542	-0.377340	-0.260815	-0.350343	0.071072	-0.120045
0.000250	0.946992	0.920222	0.783207	0.923328	0.844863	0.954648	0.860475	0.721083	0.973454	0.750507	0.789929	0.894806	0.772274	0.680673	1.000000	0.679390	0.717697	0.663202	0.927578	0.611491	0.903033	0.890942	0.850402	0.710354	0.895779	0.958541	0.888698	0.798036	0.957205	0.758534	0.696624	0.965254	0.847099	0.835073	0.845077	0.730189	0.992424	0.827326	0.926921	0.726477	0.983248	0.266775	0.973748	-0.436286	0.104466	-0.390482	0.307079	0.603287	0.369217	0.274563	0.098518	0.086461	0.186251	-0.089149	-0.263899	0.360679	0.528789	0.683596	0.536819	-0.223945	0.752930	-0.599380	-0.272626	-0.273079	-0.248970	-0.047912	-0.660325	-0.728353	-0.244405	-0.599739	-0.310823	-0.269460	-0.330032	0.251619	-0.662209	-0.308778	-0.127202	-0.150519	-0.436768	-0.459181	0.220163	-0.076727	-0.031916	-0.285469	-0.412298	-0.318300	-0.241010	-0.383573	-0.256959	-0.261463
0.000088	0.736644	0.833788	0.871339	0.853731	0.838680	0.617316	0.806801	0.839254	0.623753	0.284817	0.886390	0.837621	0.923264	0.875489	0.679390	1.000000	0.349717	0.267904	0.492063	0.170928	0.515899	0.474209	0.437557	0.195276	0.465829	0.554854	0.547492	0.331245	0.738374	0.244143	0.200077	0.670945	0.377260	0.366376	0.416005	0.849435	0.663756	0.711591	0.502957	0.261808	0.604729	-0.153955	0.578471	-0.612410	-0.273857	-0.226296	0.303742	0.731351	0.425927	0.625209	0.187196	0.301134	0.505132	0.025857	-0.189829	0.688497	0.558178	0.777360	0.849054	0.099363	0.864450	-0.494784	-0.436640	-0.154205	-0.074243	0.077438	-0.532866	-0.624591	-0.158953	-0.549892	-0.328957	-0.242007	-0.212930	0.202805	-0.416982	-0.303784	-0.031217	-0.152719	-0.451624	-0.243328	0.518260	0.248188	0.189418	-0.153452	-0.219761	-0.211809	-0.109454	-0.214713	-0.050450	-0.022895
-0.000020	0.681058	0.657411	0.514717	0.587871	0.550348	0.727670	0.572086	0.433481	0.732087	0.744780	0.480689	0.623778	0.455657	0.387078	0.717697	0.349717	1.000000	0.613734	0.777508	0.597551	0.724588	0.795743	0.777658	0.717326	0.790786	0.767870	0.717628	0.710923	0.735555	0.734078	0.645979	0.706018	0.720426	0.847690	0.769578	0.444627	0.732850	0.572820	0.774779	0.680409	0.766866	0.366011	0.770296	-0.239340	0.242563	-0.382099	0.056270	0.251812	0.029758	-0.056587	-0.190216	-0.238410	-0.141010	-0.296207	-0.244174	0.044620	0.267653	0.375247	0.200724	-0.418193	0.414019	-0.498012	-0.066580	-0.307645	-0.374002	-0.271544	-0.481634	-0.455956	-0.225716	-0.400338	-0.253999	-0.270975	-0.369766	-0.039016	-0.447201	-0.202171	-0.269079	-0.200664	-0.215200	-0.426738	-0.121993	-0.331261	-0.300054	-0.255111	-0.417309	-0.387542	-0.349646	-0.418648	-0.110708	-0.336389
-0.000455	0.526056	0.560890	0.426619	0.504121	0.396052	0.717791	0.386611	0.224822	0.727056	0.819924	0.299862	0.555132	0.325633	0.198654	0.663202	0.267904	0.613734	1.000000	0.799037	0.743211	0.760119	0.727335	0.685112	0.838858	0.736100	0.762846	0.705228	0.822395	0.622688	0.828551	0.832247	0.644333	0.832147	0.793618	0.769436	0.213121	0.679363	0.441369	0.799628	0.815634	0.726009	0.618944	0.752461	-0.023103	0.511353	-0.166415	0.416626	0.385794	0.329808	0.043325	0.159548	0.020028	-0.002353	0.050294	0.022433	0.135464	0.468816	0.483784	0.202659	-0.180640	0.391291	-0.279439	0.103052	-0.018036	-0.123742	0.064192	-0.351604	-0.399707	0.007257	-0.210906	0.057931	0.014626	-0.105483	0.378858	-0.535023	-0.008857	0.023644	0.116378	-0.003807	-0.257843	0.140635	-0.062682	-0.096586	-0.032846	-0.213429	-0.043718	-0.045122	-0.155708	-0.357618	-0.154125
-0.000155	0.805968	0.821578	0.663015	0.779879	0.672417	0.947991	0.679529	0.496706	0.959915	0.909633	0.577092	0.806834	0.582888	0.452705	0.927578	0.492063	0.777508	0.799037	1.000000	0.773372	0.942849	0.927485	0.883780	0.899736	0.938020	0.979482	0.889596	0.926968	0.880372	0.922937	0.880696	0.900927	0.965222	0.948954	0.922704	0.485774	0.940129	0.694726	0.993249	0.884238	0.966081	0.507220	0.978170	-0.222561	0.359106	-0.306858	0.388709	0.518821	0.360999	0.127749	0.115642	0.020435	0.053980	-0.040518	-0.132116	0.234375	0.542705	0.630817	0.367284	-0.252203	0.616354	-0.468691	-0.053386	-0.165439	-0.216021	-0.013637	-0.537263	-0.593395	-0.134121	-0.429472	-0.131374	-0.137350	-0.240098	0.333285	-0.642386	-0.164766	-0.068075	-0.017932	-0.227921	-0.396281	0.159487	-0.109028	-0.104337	-0.175156	-0.352068	-0.204499	-0.166609	-0.301088	-0.339082	-0.245315
-0.000845	0.439776	0.472085	0.329613	0.421588	0.304987	0.671925	0.292347	0.121270	0.681316	0.821167	0.206511	0.466139	0.224875	0.089480	0.611491	0.170928	0.597551	0.743211	0.773372	1.000000	0.721924	0.717552	0.683914	0.870384	0.723822	0.726297	0.634378	0.832178	0.536414	0.858426	0.858707	0.579890	0.825921	0.774876	0.743951	0.100924	0.625443	0.367695	0.775976	0.844865	0.681535	0.691336	0.712454	0.101065	0.604285	-0.183662	0.427230	0.355519	0.356648	0.007004	0.184618	0.029811	-0.017762	0.070807	0.032979	0.072526	0.441454	0.421975	0.127602	-0.226466	0.344665	-0.221999	0.181320	-0.024474	-0.122247	0.068163	-0.325391	-0.364290	-0.026795	-0.173652	0.081883	0.035655	-0.078600	0.425641	-0.560878	-0.018818	0.012025	0.113059	0.008786	-0.267497	0.108784	-0.096598	-0.071374	-0.075775	-0.224962	-0.019614	-0.039691	-0.166336	-0.429397	-0.209242
0.000098	0.796955	0.799970	0.656150	0.776632	0.676161	0.917746	0.681374	0.515627	0.930712	0.847389	0.587286	0.784579	0.596188	0.480653	0.903033	0.515899	0.724588	0.760119	0.942849	0.721924	1.000000	0.892479	0.846376	0.841118	0.897186	0.941401	0.866036	0.888601	0.852139	0.872186	0.828324	0.879950	0.918287	0.881263	0.876680	0.510010	0.912815	0.665790	0.939301	0.843180	0.931250	0.450987	0.940641	-0.281769	0.303610	-0.327792	0.374735	0.537435	0.381229	0.180818	0.130496	0.058663	0.111831	-0.041482	-0.168376	0.274349	0.529450	0.624136	0.407786	-0.237606	0.631671	-0.501729	-0.113076	-0.195956	-0.218176	-0.013658	-0.577402	-0.634073	-0.166578	-0.480411	-0.180745	-0.170463	-0.260247	0.330798	-0.645855	-0.208342	-0.082710	-0.054045	-0.288454	-0.409992	0.187824	-0.091913	-0.059884	-0.211537	-0.361957	-0.232241	-0.178699	-0.324031	-0.326450	-0.247776
0.000341	0.801026	0.775955	0.613762	0.749529	0.666223	0.895298	0.677209	0.514591	0.907657	0.839897	0.584609	0.750285	0.567361	0.467234	0.890942	0.474209	0.795743	0.727335	0.927485	0.717552	0.892479	1.000000	0.884922	0.835622	0.916155	0.926185	0.856232	0.865246	0.841666	0.868273	0.800012	0.868074	0.892512	0.905405	0.892357	0.513814	0.898927	0.689651	0.923218	0.820641	0.922731	0.439886	0.928575	-0.280651	0.298913	-0.394827	0.253988	0.458699	0.275746	0.105124	0.016629	-0.036853	0.030539	-0.145480	-0.237241	0.191345	0.432401	0.541458	0.343208	-0.340454	0.586855	-0.538014	-0.131400	-0.277501	-0.299281	-0.117500	-0.588884	-0.617341	-0.235550	-0.498359	-0.252452	-0.242779	-0.330880	0.203631	-0.630479	-0.253994	-0.176427	-0.143892	-0.313468	-0.469531	0.072498	-0.203010	-0.135062	-0.283014	-0.427640	-0.326868	-0.272005	-0.405548	-0.289419	-0.323381
0.000317	0.765706	0.724062	0.561061	0.708354	0.630339	0.849233	0.645174	0.488862	0.859274	0.792046	0.555373	0.697160	0.527922	0.438674	0.850402	0.437557	0.777658	0.685112	0.883780	0.683914	0.846376	0.884922	1.000000	0.801085	0.886689	0.878115	0.804178	0.836450	0.790940	0.838206	0.754278	0.826563	0.839362	0.864533	0.854909	0.486582	0.860600	0.649489	0.875334	0.777762	0.881802	0.416376	0.885471	-0.262507	0.285223	-0.437530	0.187718	0.416093	0.240865	0.081760	-0.024547	-0.062611	0.015573	-0.187234	-0.279424	0.149074	0.363777	0.476573	0.310728	-0.390994	0.555992	-0.538021	-0.147662	-0.326671	-0.340894	-0.162634	-0.590837	-0.595741	-0.284275	-0.512538	-0.296148	-0.289476	-0.367461	0.150989	-0.603772	-0.298499	-0.236884	-0.210595	-0.340855	-0.510140	0.024070	-0.258600	-0.142158	-0.342985	-0.458586	-0.379519	-0.319895	-0.451630	-0.284500	-0.372851
-0.000086	0.524649	0.558554	0.392961	0.495858	0.368302	0.785548	0.362571	0.160133	0.792810	0.947802	0.248154	0.553371	0.267238	0.119336	0.710354	0.195276	0.717326	0.838858	0.899736	0.870384	0.841118	0.835622	0.801085	1.000000	0.845889	0.843703	0.751685	0.944989	0.634695	0.980104	0.967940	0.685263	0.947708	0.912481	0.868312	0.136012	0.731609	0.439315	0.898971	0.945372	0.790870	0.748064	0.824945	0.060485	0.635051	-0.218131	0.421695	0.363960	0.335365	-0.034701	0.139247	-0.026002	-0.069454	0.020719	0.006508	0.057284	0.469898	0.460269	0.126594	-0.280970	0.381324	-0.274989	0.182717	-0.057734	-0.167850	0.024149	-0.367510	-0.398998	-0.043681	-0.211565	0.058320	0.006594	-0.123690	0.398942	-0.590689	-0.027956	-0.020470	0.095859	-0.005456	-0.312348	0.072255	-0.147903	-0.135518	-0.091351	-0.268233	-0.071297	-0.082256	-0.207249	-0.434476	-0.241717
-0.000254	0.802462	0.775371	0.609639	0.749496	0.662847	0.902144	0.677353	0.504971	0.913253	0.846962	0.579195	0.748327	0.560682	0.458205	0.895779	0.465829	0.790786	0.736100	0.938020	0.723822	0.897186	0.916155	0.886689	0.845889	1.000000	0.933782	0.858995	0.877327	0.843717	0.879406	0.808155	0.874047	0.900249	0.914984	0.897084	0.504832	0.906012	0.684682	0.932010	0.830161	0.929902	0.446506	0.936317	-0.268379	0.305630	-0.384729	0.252475	0.454316	0.270548	0.095494	0.015490	-0.040381	0.024038	-0.143832	-0.238188	0.181566	0.426398	0.537683	0.333208	-0.343161	0.580392	-0.533444	-0.119065	-0.275489	-0.296840	-0.120849	-0.581440	-0.609109	-0.231295	-0.489538	-0.239844	-0.239415	-0.329378	0.203648	-0.629261	-0.246137	-0.175838	-0.137923	-0.303766	-0.467857	0.064766	-0.207443	-0.136213	-0.277869	-0.427802	-0.323426	-0.269513	-0.401646	-0.291766	-0.325647
-0.000262	0.864319	0.861202	0.707306	0.833594	0.737291	0.961802	0.749332	0.577798	0.977108	0.865006	0.652852	0.840953	0.649291	0.534842	0.958541	0.554854	0.767870	0.762846	0.979482	0.726297	0.941401	0.926185	0.878115	0.843703	0.933782	1.000000	0.901118	0.891073	0.916956	0.876238	0.826178	0.936329	0.937762	0.921810	0.909394	0.574959	0.966507	0.753657	0.978249	0.839722	0.981793	0.422347	0.986278	-0.313910	0.262163	-0.339431	0.348526	0.542704	0.347673	0.170309	0.093417	0.027936	0.088395	-0.073854	-0.191421	0.271502	0.532705	0.646876	0.421253	-0.251067	0.661795	-0.535370	-0.137717	-0.214336	-0.237971	-0.040552	-0.593397	-0.652045	-0.176088	-0.502180	-0.207073	-0.194676	-0.286055	0.289130	-0.645448	-0.217766	-0.096460	-0.071687	-0.308612	-0.426462	0.168117	-0.110049	-0.093243	-0.215004	-0.381921	-0.260407	-0.205567	-0.340497	-0.297708	-0.251861
-0.000981	0.824297	0.808975	0.675491	0.788346	0.711611	0.884903	0.721693	0.577915	0.898070	0.775611	0.638936	0.786355	0.631052	0.539512	0.888698	0.547492	0.717628	0.705228	0.889596	0.634378	0.866036	0.856232	0.804178	0.751685	0.858995	0.901118	1.000000	0.806853	0.859631	0.786244	0.732643	0.871709	0.847107	0.836728	0.832252	0.582429	0.894512	0.718195	0.887370	0.754109	0.906404	0.349698	0.906131	-0.348959	0.195323	-0.347620	0.284250	0.504085	0.303292	0.178696	0.057855	0.010458	0.093155	-0.108339	-0.230732	0.272680	0.476056	0.603328	0.423386	-0.251194	0.629916	-0.551980	-0.177411	-0.246530	-0.252857	-0.072594	-0.599035	-0.650399	-0.197162	-0.524987	-0.249922	-0.227886	-0.311944	0.224616	-0.600205	-0.246919	-0.129118	-0.116446	-0.338755	-0.429702	0.149522	-0.120399	-0.093846	-0.236307	-0.385978	-0.296100	-0.234352	-0.358715	-0.239648	-0.249707
-0.000087	0.632052	0.651121	0.493590	0.610708	0.491801	0.848055	0.487342	0.300355	0.858126	0.908989	0.387735	0.642656	0.398897	0.262916	0.798036	0.331245	0.710923	0.822395	0.926968	0.832178	0.888601	0.865246	0.836450	0.944989	0.877327	0.891073	0.806853	1.000000	0.717931	0.953791	0.929669	0.770018	0.952041	0.897094	0.879665	0.281347	0.812908	0.541849	0.922078	0.924340	0.857244	0.645477	0.881803	-0.080116	0.511200	-0.274504	0.428174	0.460940	0.394519	0.079326	0.164544	0.040129	0.034763	0.015871	-0.068656	0.165625	0.504653	0.536899	0.256029	-0.258837	0.500023	-0.375102	0.053775	-0.115732	-0.184021	0.026379	-0.474357	-0.518148	-0.104126	-0.340719	-0.045891	-0.065369	-0.176338	0.408597	-0.638888	-0.119086	-0.044067	0.030364	-0.138320	-0.362097	0.144603	-0.112753	-0.073481	-0.159525	-0.311919	-0.137087	-0.117323	-0.262227	-0.418788	-0.253919
0.000015	0.960643	0.968128	0.855798	0.934283	0.880822	0.918859	0.895114	0.780822	0.935272	0.711072	0.835765	0.937761	0.832427	0.751229	0.957205	0.738374	0.735555	0.622688	0.880372	0.536414	0.852139	0.841666	0.790940	0.634695	0.843717	0.916956	0.859631	0.717931	1.000000	0.674165	0.618337	0.942710	0.778963	0.817346	0.803399	0.801778	0.956653	0.844715	0.886066	0.656650	0.946038	0.189937	0.934350	-0.498288	0.027634	-0.349574	0.267987	0.581572	0.281105	0.260459	0.030552	0.021850	0.141313	-0.132474	-0.258680	0.381514	0.538136	0.715772	0.568820	-0.200731	0.753275	-0.623392	-0.279388	-0.261044	-0.255690	-0.086422	-0.642180	-0.712408	-0.206647	-0.590354	-0.311707	-0.279025	-0.345976	0.165596	-0.580673	-0.276277	-0.125660	-0.144190	-0.405824	-0.433136	0.204315	-0.071404	-0.101892	-0.216602	-0.395099	-0.327102	-0.251934	-0.365481	-0.126687	-0.203460
0.000122	0.577954	0.596251	0.424347	0.547324	0.423498	0.822349	0.421003	0.219774	0.828948	0.931525	0.308642	0.588089	0.317814	0.175690	0.758534	0.244143	0.734078	0.828551	0.922937	0.858426	0.872186	0.868273	0.838206	0.980104	0.879406	0.876238	0.786244	0.953791	0.674165	1.000000	0.952626	0.730972	0.957116	0.924449	0.884309	0.193655	0.779592	0.482743	0.918175	0.940983	0.831450	0.701312	0.860507	0.011350	0.579603	-0.254938	0.398716	0.391863	0.348074	0.002832	0.130998	-0.010049	-0.032547	-0.000583	-0.042310	0.084883	0.452646	0.469757	0.167341	-0.293047	0.425268	-0.315980	0.128201	-0.099890	-0.190448	0.007246	-0.408449	-0.434613	-0.079303	-0.264570	0.000591	-0.036635	-0.160322	0.383283	-0.606294	-0.075658	-0.050163	0.050532	-0.064940	-0.347372	0.079883	-0.156729	-0.117809	-0.139595	-0.298278	-0.119817	-0.115208	-0.246562	-0.435943	-0.266197
-0.000225	0.503771	0.547650	0.393066	0.488314	0.353154	0.772713	0.342442	0.142727	0.783666	0.924662	0.234177	0.545897	0.262905	0.108260	0.696624	0.200077	0.645979	0.832247	0.880696	0.858707	0.828324	0.800012	0.754278	0.967940	0.808155	0.826178	0.732643	0.929669	0.618337	0.952626	1.000000	0.671764	0.942495	0.867944	0.835920	0.116950	0.716145	0.423375	0.882853	0.933773	0.772461	0.759725	0.808944	0.083584	0.657678	-0.155725	0.505067	0.400717	0.401052	0.009577	0.224959	0.044004	-0.020819	0.106963	0.072832	0.100231	0.523699	0.495047	0.149139	-0.198086	0.384776	-0.231350	0.210663	0.017535	-0.096318	0.110001	-0.333489	-0.391285	0.015108	-0.171337	0.129860	0.075570	-0.057744	0.490519	-0.593230	0.019763	0.062328	0.173703	0.034984	-0.251636	0.149721	-0.063337	-0.075045	-0.025775	-0.206754	0.014940	-0.002761	-0.132985	-0.464094	-0.177592
0.000353	0.929831	0.907882	0.780187	0.904719	0.832743	0.931313	0.852449	0.717555	0.949707	0.732837	0.778852	0.884124	0.763340	0.677056	0.965254	0.670945	0.706018	0.644333	0.900927	0.579890	0.879950	0.868074	0.826563	0.685263	0.874047	0.936329	0.871709	0.770018	0.942710	0.730972	0.671764	1.000000	0.823931	0.816206	0.825770	0.726247	0.965143	0.817976	0.900165	0.699840	0.955579	0.236212	0.946352	-0.461154	0.080266	-0.378015	0.283890	0.580095	0.334262	0.260045	0.073142	0.062070	0.166059	-0.108336	-0.270134	0.351780	0.512459	0.673562	0.526872	-0.220262	0.732953	-0.609580	-0.280682	-0.277213	-0.252561	-0.065744	-0.653694	-0.719525	-0.236336	-0.601459	-0.320610	-0.276986	-0.338774	0.218058	-0.621147	-0.300548	-0.131716	-0.156062	-0.434473	-0.450044	0.203213	-0.082941	-0.052867	-0.269380	-0.406899	-0.329122	-0.247370	-0.382572	-0.212765	-0.243606
-0.000056	0.685292	0.716320	0.559757	0.671380	0.546689	0.898149	0.544781	0.348732	0.909196	0.934811	0.436182	0.710891	0.454382	0.309116	0.847099	0.377260	0.720426	0.832147	0.965222	0.825921	0.918287	0.892512	0.839362	0.947708	0.900249	0.937762	0.847107	0.952041	0.778963	0.957116	0.942495	0.823931	1.000000	0.924684	0.903601	0.328953	0.862872	0.594921	0.964143	0.925886	0.900148	0.614022	0.923367	-0.112178	0.481008	-0.240462	0.458463	0.490481	0.399322	0.093035	0.175941	0.045587	0.037934	0.031297	-0.046574	0.194830	0.554833	0.593775	0.289587	-0.216116	0.535947	-0.379124	0.046188	-0.085377	-0.156921	0.050085	-0.462771	-0.524052	-0.066903	-0.335360	-0.026271	-0.046170	-0.161732	0.418552	-0.625412	-0.087998	-0.003057	0.068994	-0.127725	-0.333010	0.176687	-0.074188	-0.079259	-0.108506	-0.286776	-0.110892	-0.089923	-0.227349	-0.400735	-0.207335
-0.000083	0.723683	0.735941	0.565903	0.662553	0.571428	0.872080	0.584075	0.397553	0.878089	0.921689	0.468715	0.712326	0.467359	0.347498	0.835073	0.366376	0.847690	0.793618	0.948954	0.774876	0.881263	0.905405	0.864533	0.912481	0.914984	0.921810	0.836728	0.897094	0.817346	0.924449	0.867944	0.816206	0.924684	1.000000	0.914884	0.388958	0.854548	0.614398	0.947525	0.873831	0.896829	0.548554	0.913412	-0.150097	0.412366	-0.288770	0.272711	0.368333	0.195005	-0.019242	-0.022690	-0.128228	-0.095876	-0.136565	-0.130047	0.095115	0.425151	0.504242	0.223460	-0.336140	0.476459	-0.434986	0.036281	-0.175527	-0.268405	-0.115746	-0.458495	-0.481599	-0.116267	-0.340290	-0.097291	-0.134746	-0.259263	0.190736	-0.554154	-0.108358	-0.123793	-0.025751	-0.126108	-0.388975	0.003878	-0.218301	-0.231139	-0.145045	-0.357208	-0.231247	-0.216679	-0.308997	-0.266287	-0.269026
0.000215	0.738237	0.738801	0.578095	0.693382	0.600099	0.872054	0.607439	0.435175	0.881442	0.868598	0.506935	0.716884	0.504123	0.390357	0.845077	0.416005	0.769578	0.769436	0.922704	0.743951	0.876680	0.892357	0.854909	0.868312	0.897084	0.909394	0.832252	0.879665	0.803399	0.884309	0.835920	0.825770	0.903601	0.914884	1.000000	0.428634	0.859081	0.633838	0.920084	0.843119	0.890516	0.500016	0.903773	-0.210946	0.361196	-0.327764	0.288302	0.426372	0.261052	0.061873	0.033504	-0.052337	-0.010394	-0.107780	-0.170542	0.159507	0.449247	0.531571	0.293449	-0.303959	0.534490	-0.465396	-0.044969	-0.200275	-0.256963	-0.085686	-0.517728	-0.547436	-0.151671	-0.408234	-0.155044	-0.162629	-0.272229	0.228852	-0.592114	-0.170199	-0.120061	-0.060811	-0.208738	-0.396028	0.072459	-0.178263	-0.155994	-0.192824	-0.368321	-0.254275	-0.217060	-0.332041	-0.289464	-0.277732
0.000112	0.875047	0.832153	0.815187	0.867224	0.898814	0.618476	0.915049	0.935980	0.637348	0.243016	0.944700	0.795076	0.911755	0.930627	0.730189	0.849435	0.444627	0.213121	0.485774	0.100924	0.510010	0.513814	0.486582	0.136012	0.504832	0.574959	0.582429	0.281347	0.801778	0.193655	0.116950	0.726247	0.328953	0.388958	0.428634	1.000000	0.708956	0.790130	0.491459	0.199301	0.653266	-0.272053	0.613823	-0.751266	-0.416103	-0.408427	0.015165	0.535356	0.169357	0.420570	-0.058843	0.086628	0.301878	-0.224454	-0.429408	0.487834	0.347581	0.592501	0.697604	-0.127918	0.756082	-0.694135	-0.584436	-0.398807	-0.273305	-0.164599	-0.688808	-0.744470	-0.351024	-0.727916	-0.555100	-0.456759	-0.428966	-0.079291	-0.428224	-0.458579	-0.231715	-0.366236	-0.649092	-0.434717	0.223553	-0.025391	0.014880	-0.352664	-0.406654	-0.464187	-0.342881	-0.432864	0.101655	-0.187391
0.000186	0.938318	0.915701	0.775499	0.912985	0.832378	0.960084	0.848104	0.703031	0.977344	0.769659	0.772202	0.891169	0.756343	0.661201	0.992424	0.663756	0.732850	0.679363	0.940129	0.625443	0.912815	0.898927	0.860600	0.731609	0.906012	0.966507	0.894512	0.812908	0.956653	0.779592	0.716145	0.965143	0.862872	0.854548	0.859081	0.708956	1.000000	0.813626	0.938918	0.744175	0.986729	0.287052	0.979215	-0.419816	0.123121	-0.385234	0.310326	0.593390	0.363531	0.258511	0.091898	0.073750	0.170170	-0.092123	-0.255730	0.347714	0.526178	0.678050	0.520189	-0.231955	0.740590	-0.591024	-0.253891	-0.266923	-0.251531	-0.051633	-0.649787	-0.714420	-0.234977	-0.586222	-0.297812	-0.261412	-0.327050	0.252484	-0.656909	-0.296029	-0.127399	-0.142502	-0.417344	-0.456286	0.209413	-0.085717	-0.044662	-0.276758	-0.410056	-0.314228	-0.239707	-0.380801	-0.259972	-0.262381
-0.000620	0.857640	0.843767	0.768222	0.843802	0.824801	0.771418	0.843895	0.767282	0.785934	0.512354	0.810620	0.817005	0.789634	0.746922	0.827326	0.711591	0.572820	0.441369	0.694726	0.367695	0.665790	0.689651	0.649489	0.439315	0.684682	0.753657	0.718195	0.541849	0.844715	0.482743	0.423375	0.817976	0.594921	0.614398	0.633838	0.790130	0.813626	1.000000	0.695642	0.467283	0.790128	0.015434	0.769472	-0.567326	-0.134187	-0.364607	0.164084	0.529730	0.243489	0.309327	0.000728	0.055058	0.205649	-0.149591	-0.315793	0.392188	0.436802	0.614700	0.566149	-0.165829	0.709332	-0.615207	-0.393091	-0.307941	-0.244488	-0.102803	-0.630045	-0.689100	-0.260694	-0.621304	-0.400844	-0.334984	-0.355683	0.079030	-0.493266	-0.340562	-0.161534	-0.225016	-0.492834	-0.413959	0.203033	-0.052043	-0.033299	-0.275726	-0.383681	-0.366898	-0.274132	-0.376950	-0.060410	-0.197132
-0.000063	0.807804	0.832078	0.676353	0.785944	0.677355	0.947217	0.681656	0.501021	0.960833	0.913601	0.582989	0.817080	0.593306	0.459895	0.926921	0.502957	0.774779	0.799628	0.993249	0.775976	0.939301	0.923218	0.875334	0.898971	0.932010	0.978249	0.887370	0.922078	0.886066	0.918175	0.882853	0.900165	0.964143	0.947525	0.920084	0.491459	0.938918	0.695642	1.000000	0.884503	0.964361	0.517149	0.977542	-0.209671	0.370652	-0.300712	0.402859	0.529803	0.367608	0.130410	0.125891	0.024720	0.054660	-0.030583	-0.118922	0.241962	0.562674	0.648692	0.376698	-0.246906	0.625013	-0.461220	-0.045280	-0.154441	-0.209380	-0.004890	-0.533545	-0.593209	-0.127583	-0.419708	-0.118047	-0.126418	-0.231400	0.345325	-0.648804	-0.157793	-0.057801	-0.006274	-0.218527	-0.390589	0.169527	-0.100944	-0.103401	-0.163760	-0.346843	-0.191054	-0.157750	-0.292508	-0.344011	-0.239865
-0.000097	0.556139	0.588513	0.435279	0.535774	0.412966	0.792136	0.404620	0.218836	0.798762	0.909144	0.304987	0.582013	0.325245	0.185532	0.726477	0.261808	0.680409	0.815634	0.884238	0.844865	0.843180	0.820641	0.777762	0.945372	0.830161	0.839722	0.754109	0.924340	0.656650	0.940983	0.933773	0.699840	0.925886	0.873831	0.843119	0.199301	0.744175	0.467283	0.884503	1.000000	0.794793	0.693655	0.826338	-0.001819	0.580990	-0.223147	0.445458	0.418505	0.378091	0.032661	0.174375	0.026818	-0.003197	0.040571	-0.005029	0.128114	0.500989	0.503199	0.199572	-0.241825	0.432363	-0.308085	0.127460	-0.063051	-0.152643	0.049427	-0.405738	-0.451404	-0.052336	-0.257642	0.031440	-0.007007	-0.130253	0.424782	-0.607085	-0.053269	-0.005934	0.088118	-0.053846	-0.313540	0.131605	-0.104087	-0.087919	-0.099020	-0.265116	-0.073206	-0.072683	-0.207967	-0.421312	-0.221958
0.000471	0.916297	0.891087	0.737976	0.874529	0.789832	0.962751	0.806311	0.648057	0.980252	0.819638	0.718219	0.863605	0.703698	0.603216	0.983248	0.604729	0.766866	0.726009	0.966081	0.681535	0.931250	0.922731	0.881802	0.790870	0.929902	0.981793	0.906404	0.857244	0.946038	0.831450	0.772461	0.955579	0.900148	0.896829	0.890516	0.653266	0.986729	0.790128	0.964361	0.794793	1.000000	0.360802	0.993424	-0.365530	0.199156	-0.381636	0.310582	0.554844	0.339639	0.196340	0.075836	0.033166	0.111531	-0.101668	-0.240813	0.291729	0.513635	0.649749	0.459736	-0.268773	0.694141	-0.576825	-0.194954	-0.260729	-0.265498	-0.065213	-0.636678	-0.694477	-0.222011	-0.556209	-0.265880	-0.242644	-0.324825	0.255740	-0.664970	-0.268848	-0.131716	-0.123289	-0.373048	-0.463658	0.163591	-0.125794	-0.084990	-0.265799	-0.416745	-0.306528	-0.243422	-0.382521	-0.276497	-0.279794
-0.000156	0.073670	0.121809	-0.002514	0.056953	-0.064915	0.354659	-0.087684	-0.245232	0.366540	0.655637	-0.163415	0.121802	-0.126772	-0.260506	0.266775	-0.153955	0.366011	0.618944	0.507220	0.691336	0.450987	0.439886	0.416376	0.748064	0.446506	0.422347	0.349698	0.645477	0.189937	0.701312	0.759725	0.236212	0.614022	0.548554	0.500016	-0.272053	0.287052	0.015434	0.517149	0.693655	0.360802	1.000000	0.410074	0.442072	0.829465	-0.000768	0.458898	0.148578	0.324637	-0.140580	0.259392	0.037117	-0.118387	0.210141	0.256429	-0.100141	0.324800	0.188453	-0.136871	-0.151071	0.033070	0.100628	0.468977	0.175180	0.017613	0.184985	-0.030767	-0.059186	0.131029	0.166441	0.368627	0.264268	0.136290	0.509017	-0.427160	0.187996	0.141795	0.298946	0.308714	-0.068548	0.054024	-0.054907	-0.043813	0.086615	-0.037482	0.226446	0.140112	0.043934	-0.487447	-0.123645
-0.000122	0.893060	0.877182	0.721147	0.854292	0.762223	0.963314	0.775429	0.611277	0.980583	0.848451	0.684875	0.851667	0.675500	0.567202	0.973748	0.578471	0.770296	0.752461	0.978170	0.712454	0.940641	0.928575	0.885471	0.824945	0.936317	0.986278	0.906131	0.881803	0.934350	0.860507	0.808944	0.946352	0.923367	0.913412	0.903773	0.613823	0.979215	0.769472	0.977542	0.826338	0.993424	0.410074	1.000000	-0.328034	0.250530	-0.364612	0.337117	0.551028	0.351053	0.180030	0.091257	0.032640	0.097621	-0.083762	-0.212829	0.278838	0.527468	0.650695	0.438908	-0.266778	0.677987	-0.553878	-0.155648	-0.236745	-0.253892	-0.049418	-0.617231	-0.676373	-0.200526	-0.526655	-0.229725	-0.214745	-0.304371	0.284226	-0.669343	-0.242413	-0.113099	-0.093870	-0.337108	-0.450527	0.165111	-0.123021	-0.088682	-0.243732	-0.403509	-0.279890	-0.223343	-0.363828	-0.297620	-0.272592
0.000709	-0.576104	-0.528862	-0.559796	-0.568426	-0.636048	-0.365374	-0.654937	-0.705184	-0.367025	-0.043422	-0.677392	-0.508341	-0.641589	-0.708775	-0.436286	-0.612410	-0.239340	-0.023103	-0.222561	0.101065	-0.281769	-0.280651	-0.262507	0.060485	-0.268379	-0.313910	-0.348959	-0.080116	-0.498288	0.011350	0.083584	-0.461154	-0.112178	-0.150097	-0.210946	-0.751266	-0.419816	-0.567326	-0.209671	-0.001819	-0.365530	0.442072	-0.328034	1.000000	0.576898	0.331243	0.175709	-0.309468	0.030041	-0.319110	0.196858	0.013397	-0.213700	0.310476	0.467319	-0.360211	-0.134710	-0.346917	-0.520196	0.081889	-0.504090	0.652377	0.644361	0.412293	0.253274	0.246245	0.575875	0.596364	0.324781	0.686766	0.608830	0.487112	0.428404	0.283482	0.134410	0.428469	0.267398	0.415636	0.628829	0.334155	-0.102114	0.047454	0.024106	0.306926	0.322963	0.503669	0.364034	0.390796	-0.299256	0.103210
0.000034	-0.093080	-0.032976	-0.136392	-0.099299	-0.216129	0.197408	-0.244481	-0.383151	0.205135	0.535237	-0.307328	-0.026325	-0.264420	-0.392792	0.104466	-0.273857	0.242563	0.511353	0.359106	0.604285	0.303610	0.298913	0.285223	0.635051	0.305630	0.262163	0.195323	0.511200	0.027634	0.579603	0.657678	0.080266	0.481008	0.412366	0.361196	-0.416103	0.123121	-0.134187	0.370652	0.580990	0.199156	0.829465	0.250530	0.576898	1.000000	0.086800	0.440879	0.055380	0.285040	-0.186851	0.275662	0.042430	-0.138406	0.254675	0.336223	-0.155367	0.250778	0.083005	-0.232047	-0.094649	-0.091429	0.238374	0.540891	0.254764	0.084211	0.219179	0.117497	0.093926	0.190635	0.309946	0.464282	0.344025	0.221137	0.505148	-0.324563	0.265533	0.189770	0.353467	0.418138	0.029656	0.033569	-0.023051	-0.024958	0.156066	0.054945	0.318940	0.212045	0.139007	-0.482867	-0.062737
