1.000000	-0.000007	0.000310	0.000692	-0.000007	-0.000212	0.000555	0.000419	-0.000952	0.000160	0.000037	0.000261	0.000530	0.000150	0.001157	-0.000072	-0.000099	-0.000308	0.000514	0.000387	-0.000336	0.000173	-0.000055	-0.000694	0.000237	0.000065	0.000020	-0.000134	-0.000225	-0.000183	-0.000820	0.000006	-0.000421	-0.000148	-0.000150	0.000076	-0.000773	-0.000769	-0.000646	-0.000121	-0.000561	0.000001	0.000329	-0.000229	0.000039	0.000305	0.000779	0.000531	-0.000262	0.000030	0.000673	-0.000532	0.000427	0.000166	-0.000515	0.000315	-0.000307	-0.000356	-0.000120	0.000686	0.000438	0.001002	0.001166	0.000779	-0.000024	-0.000088	-0.001389	0.000295	0.000360	-0.000416	0.000411	0.000436	0.000092	-0.000289	0.000013	0.000369	0.000187	0.000458	0.001153	-0.000105	-0.000197	-0.000133	0.000359	-0.000864	0.000308	-0.000687	-0.000153	0.000375	-0.000211	-0.000560	0.000510
-0.000007	1.000000	0.899547	0.604416	0.873663	0.678936	0.896297	0.729755	0.545350	0.911870	0.759609	0.582609	0.776798	0.519941	0.399244	0.936042	0.460397	0.668927	0.779878	0.823562	0.749773	0.893847	0.818006	0.721959	0.565826	0.810774	0.871335	0.871690	0.839742	0.925987	0.643605	0.696018	0.884782	0.788444	0.652649	0.822296	0.738976	0.933947	0.802942	0.852835	0.789282	0.912892	0.501274	0.913094	-0.219262	0.322656	-0.149919	0.362288	0.413229	0.382554	0.038485	0.234077	0.098141	0.021494	0.080146	-0.109561	0.151845	0.389947	0.481591	0.203644	-0.146210	0.539429	-0.400669	0.124623	-0.133040	-0.094337	0.089492	-0.440647	-0.538693	-0.119789	-0.363294	-0.027248	0.022240	-0.146307	0.291801	-0.564869	0.005612	0.134602	0.150903	-0.340670	-0.329623	0.109867	-0.058143	-0.032171	-0.080605	-0.164585	-0.084634	-0.009607	-0.160764	-0.469020	-0.185461
0.000310	0.899547	1.000000	0.677189	0.874473	0.682087	0.855206	0.720366	0.553002	0.867005	0.736743	0.595636	0.829944	0.569926	0.434190	0.862155	0.521782	0.632063	0.732646	0.764644	0.687598	0.835042	0.744446	0.630907	0.502967	0.735483	0.808373	0.810049	0.767664	0.897761	0.574316	0.647128	0.843132	0.733584	0.588309	0.779401	0.740518	0.865588	0.781366	0.797752	0.728662	0.841155	0.447995	0.843956	-0.247344	0.276560	-0.049940	0.421087	0.452697	0.385392	0.057400	0.266325	0.121776	0.029015	0.142068	-0.029954	0.206722	0.494609	0.569007	0.249251	-0.028557	0.567349	-0.357623	0.117232	-0.038456	-0.015644	0.148838	-0.384427	-0.509636	-0.020902	-0.317163	0.037746	0.083867	-0.075004	0.333601	-0.491962	0.068341	0.214171	0.227548	-0.280171	-0.231454	0.171077	0.046892	-0.078234	0.048190	-0.080616	0.006722	0.072384	-0.058411	-0.385095	-0.067329
0.000692	0.604416	0.677189	1.000000	0.717379	0.762218	0.593191	0.760310	0.732204	0.585750	0.312497	0.768401	0.786144	0.807053	0.727108	0.492935	0.782613	0.317885	0.363317	0.281527	0.275828	0.552600	0.372856	0.302639	-0.009101	0.360434	0.411756	0.500353	0.383785	0.513546	0.086098	0.181207	0.651909	0.283017	0.081664	0.391724	0.808277	0.494225	0.701634	0.329606	0.306184	0.423851	-0.006261	0.414900	-0.538888	-0.167323	-0.130920	0.290667	0.571766	0.345668	0.336917	0.262783	0.229345	0.263611	0.114611	-0.181327	0.494114	0.504973	0.697414	0.585751	0.089502	0.720195	-0.481761	-0.254818	-0.144407	-0.004863	0.116878	-0.487331	-0.607981	-0.131087	-0.481606	-0.188556	-0.096833	-0.145959	0.158921	-0.420049	-0.158975	0.156895	0.037845	-0.466695	-0.225287	0.331006	0.142070	-0.004254	-0.029942	-0.130844	-0.085118	0.012973	-0.120051	-0.286766	-0.029026
-0.000007	0.873663	0.874473	0.717379	1.000000	0.739744	0.831630	0.767880	0.637279	0.835801	0.622836	0.680968	0.831922	0.658772	0.538051	0.820232	0.618778	0.521764	0.653353	0.664347	0.608726	0.812286	0.667855	0.568539	0.378579	0.659987	0.736953	0.768489	0.704866	0.823875	0.462954	0.547505	0.843061	0.645052	0.458273	0.691061	0.802803	0.819465	0.800848	0.703651	0.647686	0.773025	0.339822	0.772344	-0.340073	0.159903	-0.105640	0.420055	0.541171	0.447161	0.200011	0.328795	0.214825	0.163014	0.166588	-0.093058	0.327243	0.509124	0.632608	0.376811	-0.005197	0.659353	-0.419312	-0.003633	-0.097827	-0.004302	0.169707	-0.458514	-0.582413	-0.096622	-0.403806	-0.047430	0.030473	-0.098656	0.327864	-0.538753	-0.027040	0.211678	0.167820	-0.393500	-0.260922	0.264092	0.080166	0.015404	-0.018678	-0.108661	-0.030782	0.064415	-0.101415	-0.429848	-0.091940
-0.000212	0.678936	0.682087	0.762218	0.739744	1.000000	0.645623	0.805913	0.787611	0.639784	0.329882	0.797289	0.750434	0.774462	0.739514	0.549958	0.739569	0.345723	0.390493	0.316923	0.310173	0.615441	0.434029	0.374773	0.015435	0.432342	0.459733	0.558462	0.435775	0.551901	0.116072	0.202368	0.716098	0.315758	0.124300	0.441855	0.856538	0.549803	0.768924	0.364608	0.343440	0.477628	0.010176	0.467061	-0.561724	-0.167892	-0.258199	0.185184	0.532744	0.298788	0.290718	0.197811	0.165767	0.229596	0.017849	-0.298952	0.403782	0.387916	0.612840	0.538446	-0.058877	0.703448	-0.568501	-0.294667	-0.274842	-0.118123	0.020704	-0.589899	-0.678416	-0.253227	-0.569387	-0.291507	-0.192380	-0.260080	0.072855	-0.510822	-0.251854	0.057485	-0.061130	-0.572538	-0.352290	0.230932	0.001910	0.009900	-0.181780	-0.250094	-0.214986	-0.112074	-0.255398	-0.368444	-0.165721
0.000555	0.896297	0.855206	0.593191	0.831630	0.645623	1.000000	0.678601	0.505583	0.852917	0.719748	0.557803	0.742849	0.506902	0.388410	0.878633	0.454327	0.603180	0.731033	0.776007	0.705121	0.834409	0.750170	0.652372	0.530949	0.740837	0.820890	0.812432	0.788068	0.874029	0.602042	0.659447	0.818333	0.752363	0.604658	0.768228	0.698173	0.874497	0.760865	0.804418	0.750491	0.854590	0.478355	0.856955	-0.220013	0.305293	-0.105047	0.396510	0.428710	0.406089	0.072150	0.275694	0.136357	0.056591	0.132804	-0.064776	0.181767	0.422613	0.499331	0.221304	-0.083122	0.529250	-0.368046	0.118739	-0.088037	-0.040211	0.135958	-0.411556	-0.520790	-0.083298	-0.336108	0.006708	0.056883	-0.100006	0.328347	-0.533905	0.029536	0.179660	0.188210	-0.319040	-0.277334	0.155571	0.003838	-0.009144	-0.032827	-0.114353	-0.032812	0.041391	-0.109961	-0.445251	-0.131591
0.000419	0.729755	0.720366	0.760310	0.767880	0.805913	0.678601	1.000000	0.769879	0.675847	0.393260	0.797649	0.762028	0.759356	0.715060	0.604751	0.696242	0.396615	0.442439	0.381365	0.369182	0.664976	0.490642	0.428733	0.075282	0.483745	0.518783	0.607047	0.492613	0.612231	0.176051	0.260991	0.758282	0.376100	0.190181	0.494635	0.861939	0.603543	0.793892	0.429414	0.401114	0.540711	0.058808	0.531236	-0.542067	-0.125168	-0.260027	0.182246	0.493320	0.286255	0.240609	0.182942	0.133043	0.176341	-0.004000	-0.300491	0.356086	0.369494	0.577295	0.472652	-0.087228	0.672323	-0.575488	-0.261952	-0.285017	-0.136217	0.003962	-0.589693	-0.678076	-0.249451	-0.564876	-0.281392	-0.185339	-0.269568	0.073608	-0.519105	-0.234991	0.048715	-0.053429	-0.563872	-0.365607	0.187695	-0.032368	-0.015076	-0.184111	-0.259985	-0.223326	-0.121281	-0.263216	-0.377476	-0.182983
-0.000952	0.545350	0.553002	0.732204	0.637279	0.787611	0.505583	0.769879	1.000000	0.507225	0.180485	0.800708	0.677479	0.783799	0.782894	0.391431	0.754931	0.235393	0.248857	0.143494	0.160604	0.489972	0.298843	0.261306	-0.149456	0.293501	0.305247	0.428996	0.288532	0.397975	-0.051757	0.037531	0.613765	0.150385	-0.037777	0.292932	0.826731	0.392131	0.691717	0.192361	0.189143	0.317626	-0.145656	0.300835	-0.637272	-0.311142	-0.302764	0.083709	0.499138	0.221020	0.325364	0.141705	0.143309	0.249611	-0.038622	-0.364237	0.427272	0.321331	0.579158	0.578599	-0.061354	0.686386	-0.604454	-0.414405	-0.333307	-0.146705	-0.039188	-0.611579	-0.684382	-0.303206	-0.610156	-0.380080	-0.276588	-0.302890	-0.034209	-0.463196	-0.335533	-0.005750	-0.156460	-0.617833	-0.361380	0.215279	-0.020473	0.012804	-0.232772	-0.285866	-0.276350	-0.167275	-0.296777	-0.310758	-0.179992
0.000160	0.911870	0.867005	0.585750	0.835801	0.639784	0.852917	0.675847	0.507225	1.000000	0.742345	0.548501	0.750409	0.495323	0.369609	0.895058	0.442643	0.621705	0.747038	0.800838	0.728433	0.851261	0.770821	0.666994	0.560985	0.762654	0.839630	0.830963	0.805585	0.894220	0.631560	0.684975	0.837565	0.769854	0.634560	0.782188	0.694004	0.893593	0.761765	0.829343	0.762319	0.875194	0.506396	0.877865	-0.198865	0.332422	-0.101253	0.403895	0.422203	0.407647	0.054119	0.277793	0.131703	0.042742	0.137492	-0.057573	0.162782	0.423227	0.487380	0.202012	-0.092292	0.521823	-0.361173	0.147053	-0.079923	-0.040195	0.140322	-0.405285	-0.515082	-0.074680	-0.324855	0.019790	0.072162	-0.092046	0.339518	-0.542581	0.043529	0.188668	0.198202	-0.305614	-0.275116	0.146326	-0.001829	-0.011533	-0.028458	-0.114101	-0.025692	0.046258	-0.104653	-0.450490	-0.135771
0.000037	0.759609	0.736743	0.312497	0.622836	0.329882	0.719748	0.393260	0.180485	0.742345	1.000000	0.220699	0.534932	0.179636	0.043360	0.807795	0.130957	0.716923	0.773830	0.875532	0.783588	0.721999	0.774868	0.683484	0.784329	0.769827	0.818131	0.743339	0.794621	0.841066	0.795240	0.804788	0.641134	0.832090	0.818044	0.792360	0.375607	0.809668	0.524191	0.878843	0.808038	0.848803	0.693698	0.857328	0.102698	0.591025	0.014163	0.381761	0.177289	0.276991	-0.189126	0.168917	-0.014894	-0.177525	0.112386	0.122643	-0.085581	0.327779	0.254430	-0.094964	-0.122469	0.236769	-0.104875	0.410706	0.075892	-0.009502	0.110674	-0.149167	-0.244524	0.070172	-0.053088	0.219241	0.203276	0.020620	0.347799	-0.377925	0.231228	0.175276	0.286670	0.004692	-0.156349	-0.019615	-0.051748	-0.114700	0.100945	-0.009047	0.080815	0.092600	0.015211	-0.320969	-0.080442
0.000261	0.582609	0.595636	0.768401	0.680968	0.797289	0.557803	0.797649	0.800708	0.548501	0.220699	1.000000	0.713613	0.804297	0.773920	0.450425	0.765610	0.253879	0.293450	0.198268	0.212042	0.516093	0.338065	0.291358	-0.095842	0.327149	0.352180	0.467266	0.334234	0.444406	0.005903	0.092665	0.640360	0.202739	0.009128	0.335616	0.837859	0.444879	0.713852	0.247960	0.235120	0.368632	-0.090755	0.352941	-0.605490	-0.257270	-0.263475	0.159382	0.556320	0.295467	0.366593	0.204057	0.198565	0.296533	0.025304	-0.315111	0.461380	0.385622	0.625905	0.594386	-0.024299	0.732050	-0.571164	-0.371982	-0.290905	-0.097537	0.023162	-0.591634	-0.677201	-0.272476	-0.586529	-0.334496	-0.227940	-0.256097	0.042413	-0.485145	-0.301941	0.044643	-0.107197	-0.595224	-0.333870	0.274807	0.032878	0.046771	-0.196936	-0.251611	-0.224111	-0.110493	-0.256071	-0.341817	-0.155940
0.000530	0.776798	0.829944	0.786144	0.831922	0.750434	0.742849	0.762028	0.677479	0.750409	0.534932	0.713613	1.000000	0.717102	0.609242	0.697555	0.686750	0.489125	0.555951	0.528812	0.486410	0.714843	0.575305	0.477745	0.239481	0.560039	0.622395	0.670687	0.586415	0.725412	0.328420	0.413752	0.772727	0.514229	0.333906	0.595514	0.807893	0.698455	0.769810	0.574548	0.523993	0.646442	0.211140	0.642246	-0.410540	0.043309	-0.096600	0.374886	0.536990	0.387885	0.210357	0.280763	0.184955	0.157499	0.139720	-0.093809	0.372372	0.523106	0.657341	0.440297	0.043785	0.675331	-0.431657	-0.080110	-0.086043	-0.000842	0.141060	-0.446634	-0.569834	-0.077838	-0.410190	-0.076752	-0.005120	-0.106921	0.260567	-0.466591	-0.045971	0.196902	0.140252	-0.381987	-0.229225	0.268721	0.105037	-0.038370	0.016221	-0.101959	-0.034837	0.052819	-0.086428	-0.338774	-0.040255
0.000150	0.519941	0.569926	0.807053	0.658772	0.774462	0.506902	0.759356	0.783799	0.495323	0.179636	0.804297	0.717102	1.000000	0.801885	0.393820	0.819789	0.213617	0.255104	0.145031	0.165534	0.474697	0.280839	0.230159	-0.141903	0.268705	0.301694	0.414387	0.280719	0.391530	-0.039031	0.048179	0.586027	0.157735	-0.046754	0.278774	0.810675	0.393285	0.669343	0.193711	0.187846	0.310551	-0.124514	0.294644	-0.602311	-0.279168	-0.193582	0.206106	0.592350	0.327092	0.418122	0.251151	0.253875	0.340908	0.078755	-0.249978	0.551345	0.453462	0.679972	0.663151	0.070770	0.746530	-0.521092	-0.365197	-0.214885	-0.028758	0.081227	-0.534170	-0.636377	-0.204186	-0.540588	-0.280252	-0.175916	-0.190979	0.083757	-0.431339	-0.254038	0.101265	-0.054406	-0.540564	-0.259887	0.354585	0.123143	0.050781	-0.114187	-0.176318	-0.151470	-0.039807	-0.180362	-0.295578	-0.074615
0.001157	0.399244	0.434190	0.727108	0.538051	0.739514	0.388410	0.715060	0.782894	0.369609	0.043360	0.773920	0.609242	0.801885	1.000000	0.249811	0.775292	0.122821	0.126771	-0.007187	0.031661	0.359975	0.167687	0.140253	-0.276083	0.157806	0.161871	0.298780	0.149675	0.247728	-0.180142	-0.096318	0.491307	0.010626	-0.178975	0.159775	0.759433	0.249235	0.597447	0.039454	0.054204	0.167052	-0.256523	0.147918	-0.670411	-0.402635	-0.281079	0.058436	0.520920	0.213583	0.413583	0.152905	0.186385	0.326641	-0.018411	-0.353179	0.515766	0.330262	0.582191	0.650792	-0.000713	0.690454	-0.575931	-0.480770	-0.315079	-0.107824	-0.019472	-0.582691	-0.657143	-0.292766	-0.601350	-0.398463	-0.292753	-0.277087	-0.060262	-0.408866	-0.360176	-0.005897	-0.180703	-0.608956	-0.311585	0.279726	0.041339	0.044518	-0.216633	-0.263595	-0.255777	-0.149616	-0.270033	-0.257371	-0.136010
-0.000072	0.936042	0.862155	0.492935	0.820232	0.549958	0.878633	0.604751	0.391431	0.895058	0.807795	0.450425	0.697555	0.393820	0.249811	1.000000	0.348577	0.658826	0.816092	0.906372	0.827854	0.878931	0.838279	0.728848	0.700842	0.830414	0.908935	0.869055	0.886784	0.936147	0.759312	0.800191	0.827743	0.868802	0.749113	0.839368	0.604367	0.962339	0.718866	0.926148	0.857153	0.957095	0.631066	0.959614	-0.077882	0.477097	-0.060937	0.466454	0.405684	0.461821	0.032033	0.317922	0.160539	0.039196	0.181536	0.016034	0.129014	0.424864	0.448119	0.133499	-0.091933	0.467759	-0.278423	0.262014	-0.025198	-0.008185	0.188589	-0.338252	-0.448228	-0.037843	-0.249103	0.103428	0.140946	-0.038234	0.424344	-0.544298	0.109739	0.219198	0.255186	-0.228575	-0.244963	0.152890	0.009328	0.029673	-0.004804	-0.066921	0.030838	0.098147	-0.063455	-0.482630	-0.132141
-0.000099	0.460397	0.521782	0.782613	0.618778	0.739569	0.454327	0.696242	0.754931	0.442643	0.130957	0.765610	0.686750	0.819789	0.775292	0.348577	1.000000	0.152875	0.214943	0.107064	0.128922	0.421930	0.229860	0.180513	-0.166731	0.223431	0.250175	0.361587	0.238218	0.340381	-0.070927	0.015945	0.533906	0.117777	-0.086307	0.232673	0.756839	0.350086	0.610514	0.152854	0.151011	0.263660	-0.148728	0.246337	-0.589438	-0.286880	-0.150785	0.244557	0.629679	0.371153	0.481668	0.297357	0.312206	0.403635	0.136487	-0.200212	0.599696	0.482937	0.710760	0.718014	0.143970	0.762685	-0.457208	-0.364050	-0.158394	0.036621	0.136590	-0.484233	-0.594112	-0.164209	-0.501313	-0.247752	-0.141502	-0.133084	0.130636	-0.399377	-0.236703	0.136255	-0.031262	-0.502062	-0.200608	0.427365	0.196171	0.093880	-0.073445	-0.125381	-0.096457	0.019254	-0.123289	-0.272858	-0.027430
-0.000308	0.668927	0.632063	0.317885	0.521764	0.345723	0.603180	0.396615	0.235393	0.621705	0.716923	0.253879	0.489125	0.213617	0.122821	0.658826	0.152875	1.000000	0.657499	0.706702	0.628687	0.608033	0.724474	0.705157	0.624772	0.705217	0.679567	0.642535	0.661894	0.704945	0.643853	0.620530	0.560513	0.653943	0.699604	0.704762	0.398159	0.670388	0.482786	0.707844	0.644413	0.704210	0.517177	0.700868	0.021968	0.436314	-0.159443	0.131064	0.060531	0.075944	-0.274519	-0.078656	-0.208800	-0.284970	-0.138378	-0.063570	-0.157092	0.146535	0.157205	-0.092959	-0.297632	0.204932	-0.208437	0.264741	-0.100328	-0.202681	-0.130008	-0.208465	-0.236196	-0.073492	-0.142908	0.002665	-0.021363	-0.172444	0.065715	-0.316294	0.057943	-0.077763	0.034185	-0.046143	-0.283150	-0.193214	-0.248734	-0.233774	-0.067598	-0.196339	-0.142173	-0.142277	-0.173625	-0.217609	-0.219748
0.000514	0.779878	0.732646	0.363317	0.653353	0.390493	0.731033	0.442439	0.248857	0.747038	0.773830	0.293450	0.555951	0.255104	0.126771	0.816092	0.214943	0.657499	1.000000	0.842605	0.758262	0.740762	0.750614	0.680143	0.725643	0.745831	0.814731	0.761357	0.792481	0.827313	0.742678	0.764742	0.667420	0.805835	0.749601	0.776821	0.436620	0.816729	0.554679	0.844021	0.783915	0.844338	0.650614	0.847588	0.035745	0.529919	0.001166	0.382872	0.248157	0.321780	-0.091564	0.193342	0.043162	-0.091438	0.122153	0.076202	0.005266	0.325671	0.309292	-0.001562	-0.101473	0.304274	-0.178428	0.353686	0.041527	-0.023220	0.130272	-0.214238	-0.300749	0.050448	-0.113441	0.171382	0.176794	-0.003590	0.355808	-0.424091	0.196579	0.171129	0.266213	-0.058070	-0.188664	0.040495	-0.032356	-0.075902	0.067952	-0.028368	0.063932	0.085037	-0.012241	-0.343704	-0.094413
0.000387	0.823562	0.764644	0.281527	0.664347	0.316923	0.776007	0.381365	0.143494	0.800838	0.875532	0.198268	0.528812	0.145031	-0.007187	0.906372	0.107064	0.706702	0.842605	1.000000	0.868018	0.788302	0.832713	0.738119	0.875063	0.827914	0.899862	0.808907	0.882937	0.903470	0.889787	0.900021	0.685579	0.924845	0.889356	0.853279	0.365238	0.906441	0.533167	0.972770	0.900268	0.943905	0.784142	0.953563	0.151340	0.675514	0.034710	0.462694	0.226850	0.380545	-0.147207	0.252398	0.065027	-0.116319	0.179157	0.148766	-0.063560	0.343367	0.268815	-0.099276	-0.109824	0.249563	-0.096661	0.470223	0.092651	0.019453	0.183268	-0.154279	-0.252838	0.070960	-0.050060	0.257179	0.251027	0.053975	0.450534	-0.433813	0.254382	0.220207	0.335617	-0.004157	-0.157037	0.037361	-0.016775	-0.029401	0.089844	0.011196	0.120368	0.144902	0.029647	-0.397144	-0.093208
-0.000336	0.749773	0.687598	0.275828	0.608726	0.310173	0.705121	0.369182	0.160604	0.728433	0.783588	0.212042	0.486410	0.165534	0.031661	0.827854	0.128922	0.628687	0.758262	0.868018	1.000000	0.714285	0.766473	0.661906	0.789487	0.751435	0.819414	0.735968	0.796869	0.808236	0.806123	0.812255	0.632285	0.832696	0.806302	0.764509	0.353799	0.821091	0.502489	0.871584	0.819225	0.855680	0.710601	0.858926	0.136398	0.618187	0.014224	0.436260	0.241542	0.378950	-0.098947	0.264504	0.097365	-0.066632	0.184762	0.125760	-0.021767	0.324986	0.269813	-0.047726	-0.102259	0.255879	-0.109661	0.423548	0.069865	0.023843	0.185660	-0.173211	-0.268811	0.040185	-0.071197	0.224850	0.221663	0.041490	0.428530	-0.438901	0.206561	0.212642	0.300776	-0.035202	-0.159638	0.064651	-0.008712	0.006945	0.057062	0.001389	0.106653	0.138191	0.013928	-0.402833	-0.099431
0.000173	0.893847	0.835042	0.552600	0.812286	0.615441	0.834409	0.664976	0.489972	0.851261	0.721999	0.516093	0.714843	0.474697	0.359975	0.878931	0.421930	0.608033	0.740762	0.788302	0.714285	1.000000	0.763753	0.659519	0.563226	0.752780	0.823394	0.817451	0.793735	0.870967	0.629243	0.678004	0.816083	0.760341	0.629742	0.770238	0.663129	0.876566	0.721236	0.813597	0.762043	0.861263	0.497279	0.861611	-0.198044	0.336921	-0.114381	0.379508	0.404688	0.393154	0.052446	0.263585	0.127441	0.045170	0.120733	-0.067823	0.152679	0.395389	0.460677	0.195745	-0.111273	0.500465	-0.362396	0.145251	-0.098489	-0.056105	0.124892	-0.407453	-0.511166	-0.091074	-0.329384	0.007180	0.059323	-0.106080	0.325442	-0.540689	0.027846	0.166368	0.180565	-0.310924	-0.288479	0.130768	-0.022257	-0.004005	-0.051576	-0.123420	-0.043969	0.030621	-0.121525	-0.453866	-0.152067
-0.000055	0.818006	0.744446	0.372856	0.667855	0.434029	0.750170	0.490642	0.298843	0.770821	0.774868	0.338065	0.575305	0.280839	0.167687	0.838279	0.229860	0.724474	0.750614	0.832713	0.766473	0.763753	1.000000	0.733730	0.701974	0.797865	0.816417	0.770247	0.794908	0.832691	0.741965	0.749743	0.707994	0.797877	0.759467	0.804774	0.485920	0.835703	0.598168	0.843575	0.782851	0.852756	0.618838	0.853486	-0.006464	0.506225	-0.117263	0.297558	0.231785	0.277129	-0.122669	0.132917	-0.007675	-0.116160	0.028439	-0.029130	-0.021812	0.266238	0.280987	0.007334	-0.213490	0.325046	-0.248564	0.281915	-0.076677	-0.118861	0.033514	-0.278694	-0.349443	-0.074209	-0.193229	0.051349	0.052689	-0.109779	0.257522	-0.469905	0.075796	0.072188	0.142947	-0.144196	-0.286149	-0.022783	-0.128509	-0.074066	-0.063852	-0.143006	-0.062545	-0.026395	-0.133929	-0.387726	-0.198365
-0.000694	0.721959	0.630907	0.302639	0.568539	0.374773	0.652372	0.428733	0.261306	0.666994	0.683484	0.291358	0.477745	0.230159	0.140253	0.728848	0.180513	0.705157	0.680143	0.738119	0.661906	0.659519	0.733730	1.000000	0.632082	0.729270	0.707600	0.673861	0.718189	0.716786	0.665914	0.646714	0.609283	0.684331	0.692289	0.725486	0.422941	0.736275	0.514270	0.736003	0.676133	0.751768	0.545117	0.745399	0.013439	0.459429	-0.207757	0.165281	0.147008	0.180350	-0.164609	0.021125	-0.099571	-0.158191	-0.078369	-0.103857	-0.092142	0.146614	0.182672	-0.034290	-0.307599	0.268440	-0.246516	0.220384	-0.156582	-0.200512	-0.076332	-0.279341	-0.297697	-0.158080	-0.212639	-0.033539	-0.050915	-0.188738	0.121482	-0.421253	-0.020608	-0.063687	0.003884	-0.149569	-0.350451	-0.109185	-0.235450	-0.098331	-0.164331	-0.229561	-0.171876	-0.140456	-0.231184	-0.346851	-0.282178
0.000237	0.565826	0.502967	-0.009101	0.378579	0.015435	0.530949	0.075282	-0.149456	0.560985	0.784329	-0.095842	0.239481	-0.141903	-0.276083	0.700842	-0.166731	0.624772	0.725643	0.875063	0.789487	0.563226	0.701974	0.632082	1.000000	0.693970	0.745973	0.607129	0.734696	0.697079	0.906755	0.864568	0.415482	0.832880	0.906396	0.713534	0.048285	0.700414	0.247783	0.854685	0.799704	0.772848	0.866404	0.785367	0.434970	0.833958	0.115615	0.411629	0.039938	0.295922	-0.267125	0.198407	0.013320	-0.201763	0.184975	0.277459	-0.227581	0.205277	0.041563	-0.303698	-0.122428	-0.001628	0.135518	0.643779	0.192945	0.061238	0.184473	0.068934	-0.002738	0.155961	0.174777	0.386249	0.337902	0.155724	0.450948	-0.294697	0.352874	0.206827	0.365232	0.230335	-0.048539	-0.054480	-0.037130	-0.012843	0.139129	0.099308	0.203640	0.188415	0.114141	-0.307753	-0.065005
0.000065	0.810774	0.735483	0.360434	0.659987	0.432342	0.740837	0.483745	0.293501	0.762654	0.769827	0.327149	0.560039	0.268705	0.157806	0.830414	0.223431	0.705217	0.745831	0.827914	0.751435	0.752780	0.797865	0.729270	0.693970	1.000000	0.804965	0.765971	0.795667	0.822653	0.732632	0.732270	0.702487	0.781547	0.755021	0.797300	0.477752	0.830938	0.590497	0.833629	0.775847	0.847473	0.612548	0.845901	-0.006089	0.509017	-0.122553	0.283567	0.220120	0.263740	-0.125614	0.116793	-0.021495	-0.119945	0.015412	-0.036118	-0.038411	0.246438	0.271925	-0.004330	-0.220726	0.314237	-0.253768	0.276915	-0.084196	-0.123577	0.025960	-0.277832	-0.338369	-0.081471	-0.192977	0.058972	0.045240	-0.115248	0.241113	-0.462520	0.075197	0.058448	0.128106	-0.140670	-0.293327	-0.032203	-0.142803	-0.081619	-0.063654	-0.154662	-0.075849	-0.042062	-0.141187	-0.377897	-0.203032
0.000020	0.871335	0.808373	0.411756	0.736953	0.459733	0.820890	0.518783	0.305247	0.839630	0.818131	0.352180	0.622395	0.301694	0.161871	0.908935	0.250175	0.679567	0.814731	0.899862	0.819414	0.823394	0.816417	0.707600	0.745973	0.804965	1.000000	0.824367	0.852362	0.904465	0.782481	0.811521	0.763579	0.865520	0.789480	0.829482	0.510775	0.907086	0.636757	0.913830	0.843968	0.920179	0.681843	0.925801	0.007384	0.533936	-0.030176	0.422906	0.302214	0.379857	-0.061894	0.252046	0.085204	-0.055303	0.144189	0.049994	0.031808	0.363681	0.360841	0.032294	-0.115082	0.364076	-0.225345	0.334888	0.003370	-0.020542	0.151921	-0.272037	-0.368302	0.002676	-0.168818	0.143729	0.162767	-0.022279	0.389673	-0.486917	0.162555	0.195207	0.269806	-0.138169	-0.220016	0.074023	-0.022228	-0.032252	0.031602	-0.050305	0.044017	0.087460	-0.039829	-0.421844	-0.122494
-0.000134	0.871690	0.810049	0.500353	0.768489	0.558462	0.812432	0.607047	0.428996	0.830963	0.743339	0.467266	0.670687	0.414387	0.298780	0.869055	0.361587	0.642535	0.761357	0.808907	0.735968	0.817451	0.770247	0.673861	0.607129	0.765971	0.824367	1.000000	0.801897	0.863733	0.666961	0.707945	0.781180	0.781725	0.677399	0.781516	0.610797	0.869086	0.696602	0.829522	0.773988	0.865154	0.545899	0.863921	-0.129079	0.388408	-0.104825	0.365144	0.351424	0.357649	-0.002453	0.219849	0.084324	-0.010814	0.094597	-0.051187	0.101239	0.361921	0.410124	0.135454	-0.129540	0.440495	-0.331046	0.198853	-0.079685	-0.069163	0.101822	-0.367168	-0.464758	-0.071045	-0.284656	0.034113	0.068740	-0.102072	0.310173	-0.513576	0.062672	0.144949	0.185754	-0.250735	-0.279257	0.084725	-0.048308	-0.040626	-0.035275	-0.121109	-0.036976	0.023054	-0.110259	-0.423519	-0.152908
-0.000225	0.839742	0.767664	0.383785	0.704866	0.435775	0.788068	0.492613	0.288532	0.805585	0.794621	0.334234	0.586415	0.280719	0.149675	0.886784	0.238218	0.661894	0.792481	0.882937	0.796869	0.793735	0.794908	0.718189	0.734696	0.795667	0.852362	0.801897	1.000000	0.865918	0.772295	0.793289	0.728860	0.846341	0.776076	0.805042	0.485229	0.885432	0.614809	0.890702	0.830772	0.900692	0.651288	0.901325	0.001393	0.523337	-0.061395	0.408582	0.300866	0.378300	-0.053359	0.248292	0.087439	-0.042498	0.137820	0.033921	0.030741	0.342836	0.340733	0.037260	-0.134097	0.350725	-0.225021	0.320367	-0.015748	-0.027992	0.141892	-0.279773	-0.375533	-0.029993	-0.187270	0.128222	0.139829	-0.036549	0.379131	-0.492035	0.129026	0.172265	0.237954	-0.151789	-0.238039	0.069312	-0.040516	-0.003861	-0.005621	-0.072154	0.025136	0.070063	-0.061167	-0.432819	-0.146815
-0.000183	0.925987	0.897761	0.513546	0.823875	0.551901	0.874029	0.612231	0.397975	0.894220	0.841066	0.444406	0.725412	0.391530	0.247728	0.936147	0.340381	0.704945	0.827313	0.903470	0.808236	0.870967	0.832691	0.716786	0.697079	0.822653	0.904465	0.863733	0.865918	1.000000	0.745969	0.797228	0.824751	0.864517	0.762944	0.855293	0.611720	0.937295	0.720516	0.925078	0.846985	0.939746	0.623379	0.947406	-0.083798	0.464872	-0.024474	0.441974	0.342562	0.381611	-0.053660	0.251925	0.080135	-0.058554	0.148377	0.032381	0.065347	0.424031	0.431853	0.078602	-0.083014	0.433561	-0.271512	0.282685	0.001933	-0.017975	0.152642	-0.306965	-0.424375	0.013823	-0.216364	0.131856	0.154961	-0.035199	0.386591	-0.489059	0.154324	0.218967	0.282893	-0.176711	-0.222426	0.091340	-0.000534	-0.073386	0.062280	-0.052408	0.046961	0.092852	-0.032271	-0.408987	-0.089097
-0.000820	0.643605	0.574316	0.086098	0.462954	0.116072	0.602042	0.176051	-0.051757	0.631560	0.795240	0.005903	0.328420	-0.039031	-0.180142	0.759312	-0.070927	0.643853	0.742678	0.889787	0.806123	0.629243	0.741965	0.665914	0.906755	0.732632	0.782481	0.666961	0.772295	0.745969	1.000000	0.844734	0.490342	0.838531	0.885619	0.737662	0.153754	0.758375	0.342995	0.873955	0.818586	0.818384	0.824838	0.827348	0.334650	0.769197	0.070332	0.410890	0.104774	0.317273	-0.217487	0.206456	0.029878	-0.165512	0.166333	0.218039	-0.162789	0.233855	0.115146	-0.222226	-0.128117	0.085132	0.055106	0.569126	0.145052	0.030609	0.172219	-0.018146	-0.077376	0.110643	0.098053	0.320738	0.287088	0.102736	0.431834	-0.335512	0.295605	0.187047	0.328389	0.148699	-0.097749	-0.024186	-0.039939	-0.019006	0.103239	0.052176	0.154057	0.154518	0.067095	-0.336472	-0.088211
0.000006	0.696018	0.647128	0.181207	0.547505	0.202368	0.659447	0.260991	0.037531	0.684975	0.804788	0.092665	0.413752	0.048179	-0.096318	0.800191	0.015945	0.620530	0.764742	0.900021	0.812255	0.678004	0.749743	0.646714	0.864568	0.732270	0.811521	0.707945	0.793289	0.797228	0.844734	1.000000	0.560438	0.860243	0.850802	0.764776	0.239458	0.800233	0.412044	0.893577	0.825830	0.841216	0.795090	0.857862	0.254971	0.728014	0.111609	0.472191	0.176037	0.361325	-0.156107	0.268617	0.082387	-0.114278	0.226513	0.230397	-0.091752	0.319091	0.202850	-0.151652	-0.055492	0.156102	0.003154	0.542400	0.170737	0.076729	0.228024	-0.049024	-0.150661	0.144213	0.059852	0.346266	0.324778	0.133476	0.482231	-0.365755	0.328352	0.264066	0.391275	0.101801	-0.071354	0.040976	0.027110	-0.010486	0.156151	0.089124	0.201555	0.208726	0.109927	-0.353620	-0.031132
-0.000421	0.884782	0.843132	0.651909	0.843061	0.716098	0.818333	0.758282	0.613765	0.837565	0.641134	0.640360	0.772727	0.586027	0.491307	0.827743	0.533906	0.560513	0.667420	0.685579	0.632285	0.816083	0.707994	0.609283	0.415482	0.702487	0.763579	0.781180	0.728860	0.824751	0.490342	0.560438	1.000000	0.660734	0.506417	0.715850	0.769543	0.827322	0.798898	0.721077	0.659680	0.791801	0.370501	0.791227	-0.320412	0.196313	-0.161730	0.339864	0.450177	0.374148	0.119520	0.248842	0.136587	0.090502	0.089631	-0.146984	0.227007	0.410526	0.526436	0.294972	-0.100477	0.580867	-0.450493	0.017755	-0.157464	-0.082254	0.092342	-0.480725	-0.586494	-0.144357	-0.419264	-0.084068	-0.016345	-0.160842	0.257201	-0.552622	-0.047565	0.145102	0.119770	-0.408815	-0.316453	0.158942	-0.020950	-0.012572	-0.086334	-0.167463	-0.096912	-0.014665	-0.165471	-0.444941	-0.160089
-0.000148	0.788444	0.733584	0.283017	0.645052	0.315758	0.752363	0.376100	0.150385	0.769854	0.832090	0.202739	0.514229	0.157735	0.010626	0.868802	0.117777	0.653943	0.805835	0.924845	0.832696	0.760341	0.797877	0.684331	0.832880	0.781547	0.865520	0.781725	0.846341	0.864517	0.838531	0.860243	0.660734	1.000000	0.844516	0.810961	0.359068	0.869844	0.519727	0.927934	0.854203	0.898799	0.762283	0.910042	0.139972	0.658545	0.055483	0.467598	0.237947	0.383146	-0.114669	0.271886	0.091950	-0.088016	0.199211	0.161183	-0.036296	0.349963	0.281066	-0.075964	-0.074521	0.249200	-0.097078	0.463125	0.103177	0.043441	0.204376	-0.148892	-0.254228	0.088329	-0.044166	0.267304	0.263084	0.071104	0.460100	-0.425753	0.264193	0.249119	0.349984	-0.004052	-0.137883	0.063369	0.012890	-0.015099	0.105856	0.032139	0.141378	0.168241	0.052059	-0.392192	-0.064791
-0.000150	0.652649	0.588309	0.081664	0.458273	0.124300	0.604658	0.190181	-0.037777	0.634560	0.818044	0.009128	0.333906	-0.046754	-0.178975	0.749113	-0.086307	0.699604	0.749601	0.889356	0.806302	0.629742	0.759467	0.692289	0.906396	0.755021	0.789480	0.677399	0.776076	0.762944	0.885619	0.850802	0.506417	0.844516	1.000000	0.766757	0.163404	0.754800	0.347696	0.878223	0.812223	0.816155	0.813640	0.825330	0.326505	0.757597	0.050952	0.336412	0.038127	0.221843	-0.297653	0.112635	-0.067794	-0.253610	0.088196	0.182786	-0.232383	0.186851	0.068848	-0.272767	-0.175158	0.052396	0.035722	0.565051	0.117752	-0.018173	0.094986	-0.001262	-0.065614	0.107666	0.104085	0.303659	0.248573	0.060249	0.346932	-0.303387	0.298870	0.132268	0.295959	0.165606	-0.112126	-0.111369	-0.102676	-0.099229	0.096921	0.018361	0.113893	0.096836	0.039438	-0.290672	-0.099121
0.000076	0.822296	0.779401	0.391724	0.691061	0.441855	0.768228	0.494635	0.292932	0.782188	0.792360	0.335616	0.595514	0.278774	0.159775	0.839368	0.232673	0.704762	0.776821	0.853279	0.764509	0.770238	0.804774	0.725486	0.713534	0.797300	0.829482	0.781516	0.805042	0.855293	0.737662	0.764776	0.715850	0.810961	0.766757	1.000000	0.491271	0.844047	0.600847	0.860583	0.791768	0.862657	0.628139	0.867199	-0.008709	0.499976	-0.074673	0.328927	0.228213	0.271140	-0.129618	0.146416	-0.013745	-0.130437	0.048777	0.004141	-0.031836	0.293107	0.300907	-0.008229	-0.169041	0.323320	-0.221243	0.312961	-0.028601	-0.081112	0.056064	-0.256545	-0.338703	-0.016520	-0.170509	0.104575	0.107325	-0.073390	0.277119	-0.443302	0.134727	0.113856	0.201185	-0.108987	-0.235011	-0.014471	-0.095938	-0.105635	0.006509	-0.100963	-0.017733	0.012062	-0.083267	-0.358093	-0.148969
-0.000773	0.738976	0.740518	0.808277	0.802803	0.856538	0.698173	0.861939	0.826731	0.694004	0.375607	0.837859	0.807893	0.810675	0.759433	0.604367	0.756839	0.398159	0.436620	0.365238	0.353799	0.663129	0.485920	0.422941	0.048285	0.477752	0.510775	0.610797	0.485229	0.611720	0.153754	0.239458	0.769543	0.359068	0.163404	0.491271	1.000000	0.603736	0.812771	0.414970	0.388588	0.531885	0.034269	0.521002	-0.572113	-0.153227	-0.263400	0.200202	0.537610	0.307368	0.275087	0.196633	0.155726	0.206706	0.009989	-0.305901	0.401748	0.399102	0.628400	0.531895	-0.070713	0.726077	-0.593296	-0.286050	-0.286658	-0.129526	0.015737	-0.608025	-0.700476	-0.256079	-0.584455	-0.293490	-0.194553	-0.268364	0.079672	-0.531104	-0.247405	0.059396	-0.056335	-0.583832	-0.368095	0.221352	-0.009258	-0.010685	-0.181023	-0.259558	-0.221448	-0.115616	-0.262696	-0.382341	-0.175199
-0.000769	0.933947	0.865588	0.494225	0.819465	0.549803	0.874497	0.603543	0.392131	0.893593	0.809668	0.444879	0.698455	0.393285	0.249235	0.962339	0.350086	0.670388	0.816729	0.906441	0.821091	0.876566	0.835703	0.736275	0.700414	0.830938	0.907086	0.869086	0.885432	0.937295	0.758375	0.800233	0.827322	0.869844	0.754800	0.844047	0.603736	1.000000	0.710354	0.926733	0.854361	0.952665	0.631895	0.956361	-0.078431	0.474661	-0.065876	0.455313	0.395056	0.448726	0.019029	0.300228	0.144678	0.025784	0.168766	0.010845	0.117200	0.417812	0.441211	0.128041	-0.101454	0.463015	-0.278284	0.260919	-0.028130	-0.016921	0.174101	-0.335735	-0.443827	-0.039816	-0.247387	0.099954	0.135681	-0.042982	0.410267	-0.540368	0.106849	0.206141	0.249182	-0.223947	-0.248882	0.138517	-0.001254	0.016302	-0.004892	-0.075482	0.023119	0.087385	-0.068919	-0.473845	-0.138344
-0.000646	0.802942	0.781366	0.701634	0.800848	0.768924	0.760865	0.793892	0.691717	0.761765	0.524191	0.713852	0.769810	0.669343	0.597447	0.718866	0.610514	0.482786	0.554679	0.533167	0.502489	0.721236	0.598168	0.514270	0.247783	0.590497	0.636757	0.696602	0.614809	0.720516	0.342995	0.412044	0.798898	0.519727	0.347696	0.600847	0.812771	0.710354	1.000000	0.572728	0.541119	0.666039	0.211086	0.661594	-0.438696	0.027393	-0.213859	0.253063	0.463436	0.316343	0.170160	0.206932	0.123263	0.123434	0.033388	-0.228643	0.285137	0.385708	0.548412	0.378589	-0.094814	0.623528	-0.519357	-0.127448	-0.224937	-0.112476	0.040399	-0.542348	-0.633522	-0.195465	-0.492325	-0.187088	-0.105695	-0.219762	0.155385	-0.529938	-0.140629	0.091845	0.028419	-0.486896	-0.342452	0.160776	-0.029722	-0.028432	-0.133240	-0.214119	-0.166505	-0.071186	-0.217791	-0.401531	-0.166543
-0.000121	0.852835	0.797752	0.329606	0.703651	0.364608	0.804418	0.429414	0.192361	0.829343	0.878843	0.247960	0.574548	0.193711	0.039454	0.926148	0.152854	0.707844	0.844021	0.972770	0.871584	0.813597	0.843575	0.736003	0.854685	0.833629	0.913830	0.829522	0.890702	0.925078	0.873955	0.893577	0.721077	0.927934	0.878223	0.860583	0.414970	0.926733	0.572728	1.000000	0.902344	0.955314	0.770038	0.965527	0.119343	0.650970	0.030425	0.474792	0.262574	0.395887	-0.124302	0.269212	0.080241	-0.098994	0.187740	0.136489	-0.035280	0.370550	0.309162	-0.062614	-0.099775	0.289961	-0.124355	0.445837	0.081822	0.022877	0.192938	-0.180441	-0.285223	0.066014	-0.076222	0.244734	0.245273	0.046774	0.456218	-0.452515	0.242513	0.235299	0.337438	-0.034318	-0.166017	0.057068	-0.006283	-0.027540	0.089256	0.008223	0.117326	0.147592	0.025223	-0.414298	-0.089383
-0.000561	0.789282	0.728662	0.306184	0.647686	0.343440	0.750491	0.401114	0.189143	0.762319	0.808038	0.235120	0.523993	0.187846	0.054204	0.857153	0.151011	0.644413	0.783915	0.900268	0.819225	0.762043	0.782851	0.676133	0.799704	0.775847	0.843968	0.773988	0.830772	0.846985	0.818586	0.825830	0.659680	0.854203	0.812223	0.791768	0.388588	0.854361	0.541119	0.902344	1.000000	0.883952	0.713500	0.892390	0.103239	0.612408	0.015989	0.444711	0.256583	0.380092	-0.091158	0.266831	0.096466	-0.066557	0.180949	0.119695	-0.012220	0.346395	0.290379	-0.040030	-0.095357	0.279007	-0.130840	0.412114	0.062252	0.024971	0.186497	-0.188198	-0.290914	0.044879	-0.086306	0.221005	0.224516	0.036286	0.433706	-0.445241	0.214635	0.222714	0.310899	-0.050880	-0.166876	0.066741	-0.004804	-0.001882	0.068131	0.002828	0.104528	0.137490	0.015889	-0.405776	-0.094673
0.000001	0.912892	0.841155	0.423851	0.773025	0.477628	0.854590	0.540711	0.317626	0.875194	0.848803	0.368632	0.646442	0.310551	0.167052	0.957095	0.263660	0.704210	0.844338	0.943905	0.855680	0.861263	0.852756	0.751768	0.772848	0.847473	0.920179	0.865154	0.900692	0.939746	0.818384	0.841216	0.791801	0.898799	0.816155	0.862657	0.531885	0.952665	0.666039	0.955314	0.883952	1.000000	0.691073	0.972428	-0.003391	0.545501	-0.046656	0.443498	0.328802	0.409277	-0.056865	0.268768	0.100147	-0.040805	0.153620	0.040654	0.038934	0.376729	0.374584	0.039471	-0.126358	0.386181	-0.234355	0.335434	-0.005426	-0.023111	0.160058	-0.290227	-0.392701	-0.015484	-0.194433	0.141746	0.161265	-0.029997	0.408460	-0.514886	0.149292	0.195260	0.265668	-0.160225	-0.239388	0.083023	-0.030356	-0.010938	0.011479	-0.064310	0.036789	0.088217	-0.053525	-0.453687	-0.141030
0.000329	0.501274	0.447995	-0.006261	0.339822	0.010176	0.478355	0.058808	-0.145656	0.506396	0.693698	-0.090755	0.211140	-0.124514	-0.256523	0.631066	-0.148728	0.517177	0.650614	0.784142	0.710601	0.497279	0.618838	0.545117	0.866404	0.612548	0.681843	0.545899	0.651288	0.623379	0.824838	0.795090	0.370501	0.762283	0.813640	0.628139	0.034269	0.631895	0.211086	0.770038	0.713500	0.691073	1.000000	0.705910	0.428448	0.786562	0.168631	0.446100	0.075215	0.321204	-0.195312	0.253374	0.079654	-0.136802	0.248442	0.317650	-0.171838	0.225931	0.065873	-0.261286	-0.047159	0.005666	0.165710	0.639026	0.241117	0.120036	0.248837	0.096459	0.020668	0.193548	0.207537	0.426034	0.383925	0.210531	0.493121	-0.277942	0.385066	0.260740	0.412544	0.249135	0.013063	0.010403	0.034758	0.030835	0.178509	0.156964	0.258247	0.245518	0.169919	-0.306566	-0.013489
-0.000229	0.913094	0.843956	0.414900	0.772344	0.467061	0.856955	0.531236	0.300835	0.877865	0.857328	0.352941	0.642246	0.294644	0.147918	0.959614	0.246337	0.700868	0.847588	0.953563	0.858926	0.861611	0.853486	0.745399	0.785367	0.845901	0.925801	0.863921	0.901325	0.947406	0.827348	0.857862	0.791227	0.910042	0.825330	0.867199	0.521002	0.956361	0.661594	0.965527	0.892390	0.972428	0.705910	1.000000	0.013242	0.562525	-0.025783	0.457707	0.322348	0.413066	-0.064272	0.276279	0.101167	-0.048478	0.167715	0.062721	0.030569	0.383906	0.370149	0.022115	-0.114104	0.373015	-0.215701	0.356359	0.015026	-0.010915	0.174161	-0.271288	-0.376053	0.006528	-0.172178	0.164594	0.184449	-0.011166	0.426508	-0.504618	0.173792	0.214199	0.291041	-0.139469	-0.220128	0.085038	-0.017700	-0.015242	0.033474	-0.043752	0.058956	0.106635	-0.032800	-0.447187	-0.122094
0.000039	-0.219262	-0.247344	-0.538888	-0.340073	-0.561724	-0.220013	-0.542067	-0.637272	-0.198865	0.102698	-0.605490	-0.410540	-0.602311	-0.670411	-0.077882	-0.589438	0.021968	0.035745	0.151340	0.136398	-0.198044	-0.006464	0.013439	0.434970	-0.006089	0.007384	-0.129079	0.001393	-0.083798	0.334650	0.254971	-0.320412	0.139972	0.326505	-0.008709	-0.572113	-0.078431	-0.438696	0.119343	0.103239	-0.003391	0.428448	0.013242	1.000000	0.585979	0.348058	0.167331	-0.307105	0.014366	-0.293167	0.055166	-0.015175	-0.198992	0.199166	0.486826	-0.364678	-0.125923	-0.377559	-0.522106	0.071855	-0.481493	0.649020	0.638549	0.419894	0.222939	0.196480	0.609446	0.629047	0.357514	0.658681	0.544477	0.444831	0.398610	0.285698	0.240058	0.463912	0.168836	0.347759	0.669288	0.337487	-0.111003	0.084554	0.049326	0.287608	0.346443	0.395286	0.300368	0.365619	0.072291	0.161822
0.000305	0.322656	0.276560	-0.167323	0.159903	-0.167892	0.305293	-0.125168	-0.311142	0.332422	0.591025	-0.257270	0.043309	-0.279168	-0.402635	0.477097	-0.286880	0.436314	0.529919	0.675514	0.618187	0.336921	0.506225	0.459429	0.833958	0.509017	0.533936	0.388408	0.523337	0.464872	0.769197	0.728014	0.196313	0.658545	0.757597	0.499976	-0.153227	0.474661	0.027393	0.650970	0.612408	0.545501	0.786562	0.562525	0.585979	1.000000	0.222418	0.404238	-0.026168	0.272655	-0.240330	0.224314	0.066477	-0.161883	0.255164	0.395278	-0.241599	0.151082	-0.056183	-0.355866	-0.026562	-0.135146	0.317646	0.699869	0.303682	0.158189	0.253611	0.249134	0.189865	0.244257	0.349415	0.494580	0.426830	0.276908	0.484918	-0.167631	0.425818	0.257446	0.414195	0.388477	0.095705	-0.019233	0.049843	0.047655	0.212393	0.218796	0.318196	0.282087	0.229794	-0.232184	0.025827
0.000779	-0.149919	-0.049940	-0.130920	-0.105640	-0.258199	-0.105047	-0.260027	-0.302764	-0.101253	0.014163	-0.263475	-0.096600	-0.193582	-0.281079	-0.060937	-0.150785	-0.159443	0.001166	0.034710	0.014224	-0.114381	-0.117263	-0.207757	0.115615	-0.122553	-0.030176	-0.104825	-0.061395	-0.024474	0.070332	0.111609	-0.161730	0.055483	0.050952	-0.074673	-0.263400	-0.065876	-0.213859	0.030425	0.015989	-0.046656	0.168631	-0.025783	0.348058	0.222418	1.000000	0.379639	0.035248	0.154597	0.107861	0.257645	0.256235	0.106836	0.427019	0.582627	0.104251	0.260783	0.068286	-0.075801	0.585240	-0.138337	0.477683	0.457804	0.668933	0.491705	0.494730	0.572526	0.440203	0.661260	0.599450	0.658289	0.602243	0.571887	0.433360	0.332649	0.608649	0.490442	0.605080	0.598330	0.556119	0.283809	0.541574	0.017474	0.690077	0.614885	0.685785	0.593242	0.701942	0.195407	0.629920
