1.000000	-0.002208	-0.001821	-0.000589	0.002051	-0.000349	0.001615	-0.001508	-0.000968	-0.001846	0.000152	0.000245	0.000207	-0.001143	0.001267	0.000221	-0.000490	0.000298	0.000744	0.002317	0.000126	0.001144	0.000226	0.000238	-0.001034	-0.001282	0.002183	-0.000392	-0.000838	0.000119	-0.000466	0.000126	0.001560	-0.000385	-0.001096	-0.000868	-0.001291	-0.000660	0.000453	-0.001201	-0.002867	0.002264	-0.001464	0.000872	-0.002249	0.001449	-0.000141	0.000019	0.000402	-0.002144	0.001893	0.000888	0.001409	-0.002528	-0.000585	0.001083	-0.002077	-0.001068	-0.000881	-0.001726	0.001160	0.003495	-0.000593	0.000669	0.002029	0.000807	-0.000162	-0.000720	-0.000251	0.001271	-0.002340	-0.000618	0.001091	-0.001053	0.000022	0.001123	-0.000876	-0.000333	0.000679	0.001739	-0.001932	-0.000522	0.000232	0.001319	0.000990	0.000937	0.000625	0.000464	-0.001416	0.002265	0.000823
-0.002208	1.000000	0.187095	0.101233	0.226053	0.086358	0.191427	0.165455	0.096280	0.238464	0.213491	0.107732	0.133022	0.085655	0.056106	0.254771	0.094212	0.173123	0.087567	0.287593	0.176069	0.222870	0.217679	0.095773	0.229824	0.165636	0.255500	0.208069	0.224679	0.218954	0.190027	0.219687	0.171647	0.279343	0.201826	0.225982	0.253759	0.212205	0.176720	0.285504	0.261998	0.358796	0.253415	0.342057	0.100271	0.204102	-0.024495	0.069822	0.059964	0.065174	-0.007424	0.019709	-0.002482	-0.020702	-0.001172	-0.014662	-0.003604	0.023829	0.046987	-0.000430	-0.023433	0.118679	-0.097805	0.085970	-0.013125	-0.003477	-0.010008	-0.056765	-0.034436	-0.009828	-0.056559	0.014603	0.026068	-0.015209	0.029516	-0.076997	0.031534	0.006381	0.012509	-0.028678	-0.075506	0.008930	0.012154	-0.015192	-0.013943	-0.005436	0.024144	-0.002471	-0.028941	0.011087	0.006738
-0.001821	0.187095	1.000000	0.135200	0.066205	0.118634	0.100102	0.099389	0.080536	0.183740	0.142404	0.087871	0.069149	0.089324	0.007519	0.184795	0.036513	0.072858	0.077519	0.224895	0.092534	0.132132	0.100924	0.075723	0.146510	0.142479	0.159044	0.119532	0.121700	0.246820	0.114437	0.109090	0.099736	0.125937	0.127215	0.225334	0.135887	0.168021	0.060246	0.229496	0.149458	0.188580	0.142541	0.159455	0.050005	0.105895	-0.014487	0.082081	0.126128	0.068918	-0.024921	-0.009871	-0.002293	-0.028005	-0.003186	0.064836	-0.001291	0.116021	0.097538	-0.032600	-0.024715	0.106827	0.055548	0.059969	-0.008825	-0.023410	0.008744	-0.016656	-0.044743	0.025857	-0.019551	-0.003274	-0.014965	-0.003216	-0.016021	-0.023329	0.027963	-0.019879	-0.014749	-0.004241	-0.036503	-0.003169	0.005291	0.000709	0.020354	-0.009161	0.005470	-0.029008	-0.000479	-0.013970	-0.011886
-0.000589	0.101233	0.135200	1.000000	0.129500	0.036340	0.091350	0.105588	0.027808	0.131449	0.048786	0.065781	0.084749	0.056970	0.026553	0.044192	0.138057	0.026712	0.097390	0.053400	0.051617	0.104237	0.048200	0.021221	0.001154	0.036671	0.068368	0.099655	0.113626	0.089736	0.026108	0.043749	0.099645	0.047344	0.004871	0.066133	0.134467	0.068383	0.097474	0.096989	0.101431	0.099020	0.042014	0.075492	-0.018249	0.035781	-0.000383	0.110138	0.124004	0.040864	0.010872	-0.010569	0.022970	-0.005158	0.007490	0.011618	0.042366	0.102275	0.131722	0.080220	0.035617	0.146353	-0.040146	0.023491	0.006185	-0.036450	0.028138	-0.033461	-0.032510	0.011044	-0.044937	-0.021531	0.006852	-0.016242	0.028475	-0.007125	-0.008466	0.006919	0.009438	-0.027348	-0.011751	0.030127	-0.004575	0.019930	0.009239	0.013506	-0.003420	-0.006400	-0.005865	0.004754	0.032713
0.002051	0.226053	0.066205	0.129500	1.000000	0.089319	0.162679	0.071099	0.098682	0.222805	0.223973	0.128059	0.129960	0.076353	0.074924	0.146191	0.135731	0.115234	0.094947	0.232554	0.098480	0.143763	0.129741	0.067986	0.138474	0.101417	0.152628	0.142080	0.166318	0.213675	0.072094	0.193399	0.117801	0.254602	0.093273	0.137289	0.151018	0.157880	0.177514	0.205186	0.204272	0.213554	0.168217	0.205432	0.020011	0.161417	-0.026409	0.139639	0.051628	0.136136	0.000619	-0.010554	-0.008285	-0.001614	0.010101	0.003845	0.031348	0.099266	0.069669	0.026567	-0.024038	0.126591	-0.039363	0.073211	0.037935	-0.010036	0.009245	-0.016724	-0.044660	0.025606	-0.043514	-0.006688	0.022938	0.007551	0.055706	-0.054812	0.020376	-0.001927	0.031693	-0.041778	-0.022403	0.007461	0.021721	-0.004246	0.023852	-0.020557	0.000254	0.013114	-0.000623	0.016492	-0.008797
-0.000349	0.086358	0.118634	0.036340	0.089319	1.000000	0.089025	0.151523	0.054611	0.133737	-0.000858	0.158367	0.076720	0.062269	0.141389	0.094744	0.087613	0.025549	0.035365	0.011279	0.071304	0.120745	0.068388	0.018672	-0.042838	0.021967	0.060842	0.092728	0.094744	0.026786	0.008873	0.027963	0.129051	0.062238	-0.021487	0.044297	0.156130	0.062568	0.087568	-0.001386	0.100869	0.059668	0.026362	0.071388	-0.044834	0.007615	-0.008410	0.008734	0.059229	0.052861	0.042810	0.054213	0.024922	0.004661	0.036460	0.006210	0.025108	0.014986	0.037841	0.042275	-0.002867	0.081854	-0.048825	0.001724	-0.024189	-0.012900	0.023825	-0.023472	-0.065761	0.026226	-0.074585	-0.024803	-0.009659	-0.012512	0.010483	-0.034169	0.004286	0.011404	-0.023558	-0.045671	0.018078	0.032525	-0.010416	0.009278	0.004673	0.002243	-0.000984	0.002479	-0.003954	-0.003240	0.007575
0.001615	0.191427	0.100102	0.091350	0.162679	0.089025	1.000000	0.104250	0.151567	0.195996	0.127419	0.106152	0.140737	0.137997	0.111298	0.177887	0.096277	0.100443	0.090479	0.133861	0.138275	0.208532	0.139809	0.071794	0.088328	0.132279	0.178744	0.177138	0.187274	0.196440	0.054068	0.234376	0.223178	0.167943	0.063720	0.149133	0.203011	0.194006	0.127741	0.173685	0.219733	0.290871	0.174067	0.260640	-0.003028	0.119302	-0.002093	0.022068	0.060407	0.073311	-0.008532	0.023213	0.004721	-0.011725	0.009798	0.002851	0.004640	0.032110	0.090055	0.041399	0.021990	0.117985	-0.047711	0.065019	-0.011974	-0.011931	0.004672	-0.035327	-0.065485	0.030494	-0.054634	0.007650	0.005867	-0.008539	0.036994	-0.071136	0.025844	-0.005832	0.026858	-0.073201	-0.024463	0.030006	-0.010121	-0.025723	-0.010287	-0.009824	-0.003755	0.007785	-0.016453	0.000621	0.018598
-0.001508	0.165455	0.099389	0.105588	0.071099	0.151523	0.104250	1.000000	0.131944	0.223873	0.042527	0.129032	0.084187	0.142376	0.125052	0.088233	0.131614	0.102157	0.085271	0.063183	0.126726	0.202411	0.098286	0.043933	-0.013509	0.072203	0.112255	0.151066	0.192392	0.172726	0.012757	0.039313	0.185212	0.145671	0.010393	0.122485	0.230351	0.100530	0.162027	0.087810	0.196331	0.157621	0.082609	0.117731	-0.075235	0.065998	0.006580	-0.005668	0.047344	0.055878	0.032267	0.032605	0.009285	0.000996	0.009103	-0.023968	0.039302	-0.000062	0.062093	0.040831	0.008271	0.083846	-0.086247	0.021638	-0.024408	-0.008594	0.010691	-0.044024	-0.107476	-0.006014	-0.067613	-0.045586	-0.023525	-0.040378	-0.004883	-0.029399	0.001737	-0.002001	0.047498	-0.051635	-0.017028	0.037129	0.020331	-0.015844	0.002402	0.014502	-0.009709	0.005059	-0.008691	0.005486	0.002776
-0.000968	0.096280	0.080536	0.027808	0.098682	0.054611	0.151567	0.131944	1.000000	0.110745	0.003244	0.062625	0.070246	0.084229	0.114773	0.009709	0.078577	0.047893	0.049064	0.001593	0.086504	0.137995	0.035332	0.015223	-0.061190	0.039581	0.038220	0.120718	0.104190	0.033936	0.004871	0.031574	0.103102	0.046957	-0.016054	0.052875	0.130250	0.015028	0.111905	0.045584	0.104996	0.082873	0.044405	0.031370	-0.090186	0.011015	0.010053	-0.018039	0.022345	0.008699	0.043643	0.021377	0.003668	0.015092	-0.017813	0.001407	0.040003	0.008530	0.032326	0.033923	-0.010692	0.071803	-0.030326	0.013631	-0.023320	-0.012761	0.000379	-0.032918	-0.083552	-0.025600	-0.066489	-0.008026	-0.010284	-0.005310	-0.023831	-0.017789	-0.010254	-0.000697	0.003337	-0.051441	-0.031371	0.037926	0.011801	-0.023866	-0.048146	-0.010421	-0.011420	0.004275	-0.029343	-0.039533	-0.016869
-0.001846	0.238464	0.183740	0.131449	0.222805	0.133737	0.195996	0.223873	0.110745	1.000000	0.153813	0.119863	0.127283	0.128442	0.094787	0.211418	0.128665	0.121759	0.111161	0.164938	0.174489	0.255079	0.153325	0.103331	0.088692	0.151430	0.206303	0.214187	0.226836	0.191487	0.099656	0.170520	0.176118	0.249746	0.089530	0.161579	0.218754	0.213832	0.160076	0.147582	0.285835	0.303130	0.182493	0.291211	-0.006078	0.115381	-0.005025	0.049590	0.057239	0.052795	0.027750	0.014400	0.005796	-0.004860	-0.000453	-0.006072	-0.004060	0.022366	0.098398	0.035901	-0.022689	0.118775	-0.069654	0.044606	-0.017771	-0.000604	-0.003060	-0.054610	-0.101568	0.004214	-0.079958	0.000123	0.010520	-0.008511	-0.007058	-0.047763	0.018338	-0.001467	0.018139	-0.061340	-0.016051	0.009876	0.019564	0.014273	0.008655	-0.008090	0.022577	0.002789	-0.015940	-0.000631	-0.015059
0.000152	0.213491	0.142404	0.048786	0.223973	-0.000858	0.127419	0.042527	0.003244	0.153813	1.000000	0.021232	0.189502	0.030838	0.000072	0.178373	0.060284	0.139745	0.023218	0.245473	0.100158	0.116044	0.116138	0.085477	0.262266	0.116164	0.180256	0.095727	0.130918	0.252874	0.116060	0.148464	0.062538	0.186805	0.255951	0.121589	0.177954	0.247641	0.053835	0.258245	0.167868	0.215630	0.163850	0.213818	0.079524	0.156302	-0.037118	0.112982	0.035178	0.128093	-0.031667	-0.015226	-0.017811	-0.012623	-0.014820	-0.018192	-0.012648	0.070451	0.036001	-0.036811	-0.034938	0.131081	0.036792	0.075851	0.033704	-0.017364	-0.012783	0.009881	0.018351	0.018472	-0.034349	0.037983	0.025104	-0.011508	0.042927	-0.019345	0.017288	-0.024416	0.015413	-0.016666	-0.073645	-0.021678	-0.000948	-0.023926	0.003176	-0.015984	-0.000931	0.005932	-0.009967	0.017739	-0.010608
0.000245	0.107732	0.087871	0.065781	0.128059	0.158367	0.106152	0.129032	0.062625	0.119863	0.021232	1.000000	0.088190	0.080467	0.033417	0.049812	0.098135	0.039452	0.018221	0.073361	0.095501	0.095432	0.058601	0.012105	-0.036829	0.045293	0.062197	0.101756	0.086596	0.062056	-0.014036	0.033086	0.112930	0.059875	0.001180	0.069734	0.140107	0.029762	0.077741	0.077790	0.094029	0.085594	0.042325	0.052886	-0.021347	0.029105	-0.000334	0.007359	0.052646	0.051254	0.042316	0.019345	0.034330	0.038502	0.006151	-0.019234	0.022955	-0.002085	0.040783	0.040532	0.011001	0.101444	-0.027341	-0.001748	0.003880	-0.012415	0.015936	-0.016694	-0.055147	0.007560	-0.069094	-0.020615	0.002924	-0.027130	-0.025587	0.002134	-0.018473	0.005014	0.006249	-0.035468	-0.004435	0.046310	0.019063	0.007862	-0.015181	-0.018928	-0.012120	0.006964	-0.019409	0.003461	0.001064
0.000207	0.133022	0.069149	0.084749	0.129960	0.076720	0.140737	0.084187	0.070246	0.127283	0.189502	0.088190	1.000000	0.038410	0.124903	0.146391	0.043333	0.139922	0.051711	0.062443	0.111346	0.140400	0.088802	0.055141	0.066533	0.056544	0.132454	0.111515	0.114280	0.107439	0.064117	0.092854	0.116205	0.086090	0.073522	0.100829	0.160888	0.131486	0.067774	0.162190	0.144773	0.125438	0.087015	0.110172	-0.026396	0.087625	0.007989	0.131540	0.093314	0.088892	-0.003027	-0.014391	0.018490	0.008990	-0.014866	0.062659	0.028235	0.071845	0.132613	0.016558	-0.003769	0.133802	-0.038199	0.044265	0.022167	0.002970	0.021146	-0.012732	-0.030053	0.011136	-0.039480	0.005764	0.011034	-0.014278	0.009827	-0.001045	-0.010136	0.009212	0.050342	-0.008337	-0.029329	0.036057	0.017916	-0.008768	0.018903	-0.003966	0.017702	-0.030559	-0.015060	0.009211	0.028856
-0.001143	0.085655	0.089324	0.056970	0.076353	0.062269	0.137997	0.142376	0.084229	0.128442	0.030838	0.080467	0.038410	1.000000	0.086275	0.076429	0.082468	0.041096	0.054948	0.014079	0.075261	0.137516	0.059274	0.031860	-0.001099	0.054862	0.072410	0.084780	0.089984	0.038747	-0.014277	0.044609	0.116421	0.058953	-0.030819	0.066101	0.113969	0.059123	0.086878	-0.005719	0.068576	0.076634	0.063996	0.039887	-0.064656	0.036728	0.016526	-0.016538	0.134956	0.017610	0.027750	0.060601	0.012011	0.001526	-0.000652	0.000517	0.029723	0.089357	0.090533	0.134128	0.035545	0.138718	-0.025694	-0.019173	-0.025907	-0.027875	-0.004097	-0.030727	-0.058582	0.011140	-0.054858	-0.011596	-0.000808	-0.040189	-0.009536	-0.010608	0.017329	0.007186	-0.012446	-0.050840	0.010723	0.039384	-0.005908	-0.005571	0.008507	-0.002852	0.007561	0.022047	-0.006882	0.004377	0.003207
0.001267	0.056106	0.007519	0.026553	0.074924	0.141389	0.111298	0.125052	0.114773	0.094787	0.000072	0.033417	0.124903	0.086275	1.000000	0.024369	0.123606	0.026942	0.011415	-0.001956	0.063745	0.126655	0.026741	-0.000205	-0.031561	0.022789	0.049645	0.069919	0.098216	0.023208	-0.020158	0.019763	0.106706	0.027698	-0.041347	0.039244	0.137558	0.000812	0.090725	-0.036129	0.096766	0.020483	0.004812	0.031060	-0.082398	-0.006890	0.004415	-0.014712	0.070050	0.039176	0.027321	0.012214	0.014139	-0.004986	0.009235	-0.021398	0.029981	0.026889	0.101945	0.086031	0.032205	0.060253	-0.045964	0.008762	0.004552	-0.014210	0.013273	-0.034329	-0.052197	0.021357	-0.045359	0.003199	-0.010619	-0.021594	0.024488	-0.018350	-0.001944	0.027701	0.027479	-0.031560	-0.004764	0.043334	0.024899	-0.003387	0.021176	0.003220	0.021293	0.003298	0.012905	0.014049	0.013511
0.000221	0.254771	0.184795	0.044192	0.146191	0.094744	0.177887	0.088233	0.009709	0.211418	0.178373	0.049812	0.146391	0.076429	0.024369	1.000000	0.033897	0.145095	0.055707	0.233007	0.143715	0.184267	0.224756	0.133436	0.259007	0.169569	0.233588	0.212040	0.181140	0.238800	0.186188	0.225549	0.141391	0.280472	0.246620	0.183209	0.144244	0.169331	0.084699	0.270153	0.209542	0.285805	0.252822	0.283362	0.144175	0.224952	0.015367	0.033071	0.048086	0.054096	-0.022805	0.002331	0.024940	-0.013387	0.009711	0.015386	-0.019352	0.031704	0.050082	0.008975	-0.037767	0.075473	0.007539	0.083244	0.002176	-0.014580	0.003645	0.008282	-0.000172	0.004750	-0.000864	0.037355	0.034186	-0.009205	0.044777	-0.043908	0.035177	-0.012965	0.045109	0.000669	-0.021858	0.035477	0.025251	0.012861	-0.004145	0.008327	0.036339	-0.013409	-0.009577	0.010214	0.007711
-0.000490	0.094212	0.036513	0.138057	0.135731	0.087613	0.096277	0.131614	0.078577	0.128665	0.060284	0.098135	0.043333	0.082468	0.123606	0.033897	1.000000	0.024771	0.081159	0.032248	0.086224	0.086166	0.068744	0.009577	-0.059786	0.024730	0.058221	0.102780	0.129295	0.047069	-0.005843	0.037337	0.110772	0.051490	-0.035233	0.051077	0.162200	0.046763	0.119070	-0.003991	0.082747	0.063826	0.027888	0.044550	-0.045315	0.021011	0.028834	0.053402	0.145388	0.107830	0.007866	0.006141	0.025723	0.022682	0.021385	-0.047986	0.081640	0.059090	0.095099	0.072023	0.014473	0.067269	0.009185	0.021189	0.016129	-0.002042	0.015606	-0.014815	-0.044430	0.008898	-0.061245	0.009122	-0.000315	-0.017304	0.029181	-0.026231	0.025123	-0.009984	-0.001332	-0.074591	-0.012584	0.066069	0.015738	0.013791	-0.004904	-0.020540	0.046206	0.047231	-0.015105	-0.019809	0.009861
0.000298	0.173123	0.072858	0.026712	0.115234	0.025549	0.100443	0.102157	0.047893	0.121759	0.139745	0.039452	0.139922	0.041096	0.026942	0.145095	0.024771	1.000000	0.047584	0.147219	0.115307	0.136619	0.225301	0.166460	0.180367	0.076048	0.121553	0.096827	0.129265	0.192402	0.136946	0.087059	0.099154	0.135295	0.136595	0.143797	0.121636	0.121640	0.083844	0.135987	0.124427	0.189071	0.142649	0.180109	0.010408	0.133458	-0.066051	0.071161	-0.001748	0.080814	-0.020445	-0.025711	-0.028414	-0.020470	-0.007147	0.035210	-0.008781	0.047662	0.017574	-0.027428	-0.010002	0.094890	0.048956	0.094618	0.010964	0.003023	-0.053332	-0.003162	0.010307	-0.012761	-0.028377	0.017602	0.014330	0.004150	0.047572	-0.051158	0.007354	-0.013438	0.018960	0.086677	-0.015729	-0.021418	0.016790	-0.011936	0.007970	-0.024589	-0.006100	-0.031007	-0.012147	0.016160	-0.019599
0.000744	0.087567	0.077519	0.097390	0.094947	0.035365	0.090479	0.085271	0.049064	0.111161	0.023218	0.018221	0.051711	0.054948	0.011415	0.055707	0.081159	0.047584	1.000000	0.051667	0.069588	0.109239	0.066778	0.056674	0.099141	0.068008	0.102625	0.096156	0.104014	0.100512	0.040583	0.078113	0.096470	0.087361	-0.023619	0.077268	0.107962	0.082777	0.082068	0.067939	0.109894	0.108235	0.073110	0.096927	-0.019572	0.054729	-0.002555	0.000937	0.031478	0.040784	-0.002098	0.004420	0.017866	-0.048596	0.008815	-0.012755	-0.024692	0.008115	0.027095	0.026118	0.008456	0.060625	-0.023090	0.003834	-0.013074	-0.013130	-0.005413	-0.030343	-0.029584	0.032413	-0.060306	0.013796	-0.030926	-0.016696	0.009681	-0.025332	0.028423	0.013181	0.020486	-0.050369	0.016212	0.021180	-0.010046	-0.017483	0.003590	-0.003529	0.005046	0.002811	-0.000914	-0.006431	0.014850
0.002317	0.287593	0.224895	0.053400	0.232554	0.011279	0.133861	0.063183	0.001593	0.164938	0.245473	0.073361	0.062443	0.014079	-0.001956	0.233007	0.032248	0.147219	0.051667	1.000000	0.088108	0.113556	0.215865	0.137996	0.240154	0.181245	0.231200	0.160247	0.133459	0.302868	0.180919	0.209624	0.079624	0.255695	0.244042	0.236794	0.151459	0.211128	0.030273	0.260765	0.194900	0.254186	0.271345	0.285759	0.198515	0.232406	0.004524	0.077868	0.002454	0.076021	-0.041577	-0.024631	-0.007920	0.011144	0.021813	0.002554	-0.023232	0.051840	0.017252	-0.046492	-0.066733	0.045708	0.032834	0.101574	0.112275	-0.031786	-0.004498	0.012261	0.024435	0.033152	-0.002048	0.053050	0.022288	-0.017320	0.064496	-0.060449	0.041661	-0.031705	0.024821	-0.009707	-0.011895	0.001658	-0.006929	-0.001991	-0.010598	0.002591	0.004681	-0.025038	-0.009206	0.002831	0.014745
0.000126	0.176069	0.092534	0.051617	0.098480	0.071304	0.138275	0.126726	0.086504	0.174489	0.100158	0.095501	0.111346	0.075261	0.063745	0.143715	0.086224	0.115307	0.069588	0.088108	1.000000	0.192241	0.197079	0.039337	0.047788	0.124019	0.149915	0.203908	0.167922	0.158702	0.033900	0.119445	0.138854	0.150642	0.094726	0.126683	0.166404	0.111479	0.109302	0.118215	0.201708	0.207460	0.180356	0.177707	0.048912	0.139330	-0.015428	0.016841	0.048813	0.042556	-0.016872	0.033976	0.039057	-0.016460	-0.002382	-0.005112	-0.000629	0.033508	0.041455	0.009650	-0.008076	0.056311	-0.033186	0.043093	-0.029558	0.024325	0.009290	-0.024536	-0.055263	0.004643	-0.086345	0.000562	-0.001301	-0.032255	0.016086	-0.013486	0.009549	-0.011110	0.019927	-0.049230	-0.044051	0.046087	-0.012847	0.009426	-0.016992	-0.047112	0.016258	-0.022719	-0.026381	0.000759	-0.003174
0.001144	0.222870	0.132132	0.104237	0.143763	0.120745	0.208532	0.202411	0.137995	0.255079	0.116044	0.095432	0.140400	0.137516	0.126655	0.184267	0.086166	0.136619	0.109239	0.113556	0.192241	1.000000	0.155282	0.082314	0.081165	0.134783	0.246301	0.201947	0.248240	0.166116	0.103047	0.132427	0.207257	0.175999	0.054356	0.162969	0.267888	0.168676	0.111449	0.186576	0.250515	0.235216	0.109424	0.238883	-0.049981	0.154795	-0.011873	0.038412	0.059977	0.037791	-0.001738	0.038175	0.002194	0.032800	0.010921	-0.003235	0.018517	0.007509	0.067556	0.010619	-0.005344	0.123180	-0.076671	0.053740	-0.036530	-0.012278	-0.011294	-0.055723	-0.110406	-0.002690	-0.084238	0.002961	0.001663	-0.020277	0.012013	-0.042790	0.019817	-0.006943	0.015067	-0.058407	-0.037892	0.046545	-0.010343	0.001262	0.007063	-0.012804	0.013863	-0.006590	-0.016502	-0.002855	0.006054
0.000226	0.217679	0.100924	0.048200	0.129741	0.068388	0.139809	0.098286	0.035332	0.153325	0.116138	0.058601	0.088802	0.059274	0.026741	0.224756	0.068744	0.225301	0.066778	0.215865	0.197079	0.155282	1.000000	0.060130	0.111730	0.107612	0.122300	0.177948	0.195991	0.184119	0.134828	0.145099	0.115639	0.181977	0.130919	0.145494	0.141580	0.118592	0.097453	0.163064	0.165482	0.235682	0.153367	0.240800	0.071726	0.192510	0.021202	0.030729	0.024472	0.046913	-0.016449	-0.023368	-0.002422	-0.022001	0.026574	0.005547	-0.011422	0.011094	0.031270	-0.003433	0.006443	0.054302	-0.020798	0.025304	0.009199	-0.015338	-0.021076	-0.014733	-0.027774	0.036861	-0.013861	-0.008265	-0.009093	-0.013105	-0.029650	-0.001842	-0.014842	-0.064854	0.006081	0.056390	-0.001331	0.004531	-0.007865	-0.018949	0.010207	-0.037963	0.032936	-0.012251	-0.028534	0.010500	0.011633
0.000238	0.095773	0.075723	0.021221	0.067986	0.018672	0.071794	0.043933	0.015223	0.103331	0.085477	0.012105	0.055141	0.031860	-0.000205	0.133436	0.009577	0.166460	0.056674	0.137996	0.039337	0.082314	0.060130	1.000000	0.091074	0.016900	0.055192	0.080723	0.149493	0.115596	0.027622	0.080009	0.058652	0.108978	0.041493	0.088844	0.038344	0.128929	0.020849	0.070646	0.071373	0.149039	0.092268	0.162805	0.039463	0.111784	-0.027587	0.004171	-0.033200	0.017698	-0.022411	-0.025279	-0.003504	-0.012514	-0.031362	0.020390	-0.029681	0.034845	0.027530	0.014367	0.003866	0.041694	0.005307	0.003393	0.005190	-0.045881	-0.016348	-0.017301	-0.010228	-0.001381	-0.027464	-0.021899	0.005129	0.014451	-0.005253	-0.010349	0.013135	-0.037838	-0.031768	0.005192	-0.029439	-0.018857	-0.000413	0.001252	-0.000479	-0.026524	-0.009778	-0.018967	-0.032609	0.002062	-0.041234
-0.001034	0.229824	0.146510	0.001154	0.138474	-0.042838	0.088328	-0.013509	-0.061190	0.088692	0.262266	-0.036829	0.066533	-0.001099	-0.031561	0.259007	-0.059786	0.180367	0.099141	0.240154	0.047788	0.081165	0.111730	0.091074	1.000000	0.131355	0.182837	0.068642	0.082066	0.303707	0.237990	0.138645	0.005094	0.205140	0.274918	0.139137	0.136386	0.230347	0.012705	0.296505	0.129455	0.265907	0.224464	0.244676	0.174864	0.260136	-0.013791	0.047598	0.011768	0.045927	-0.041601	-0.025055	-0.006620	-0.022856	-0.003341	0.039358	-0.035905	0.028650	0.022469	-0.065893	-0.041479	0.040320	0.014325	0.069565	0.003795	0.000936	-0.018307	-0.008809	0.065424	0.004504	0.016698	0.066720	0.045677	0.005771	0.057973	-0.054279	0.037096	0.003103	0.012285	0.054360	-0.017365	-0.008540	0.001707	-0.004030	0.003679	0.010204	0.023699	0.005513	0.002210	0.007804	0.005555
-0.001282	0.165636	0.142479	0.036671	0.101417	0.021967	0.132279	0.072203	0.039581	0.151430	0.116164	0.045293	0.056544	0.054862	0.022789	0.169569	0.024730	0.076048	0.068008	0.181245	0.124019	0.134783	0.107612	0.016900	0.131355	1.000000	0.111854	0.165015	0.214435	0.170042	0.015707	0.146193	0.089407	0.153528	0.071009	0.154395	0.128399	0.158689	0.062162	0.136753	0.152058	0.237522	0.171919	0.178354	0.034397	0.142792	-0.012516	0.027208	0.027924	0.001735	-0.021479	-0.005876	0.001598	-0.009650	-0.008129	-0.012203	-0.012543	0.008722	0.029210	-0.024805	-0.010416	0.034859	-0.015436	0.016417	-0.008312	-0.024558	-0.041720	-0.016606	-0.052880	0.009598	-0.020593	0.015335	-0.011789	-0.026288	0.007622	-0.032686	0.013019	-0.015333	-0.012129	0.019142	-0.041565	0.012044	-0.001118	-0.001128	-0.012330	-0.020731	-0.018741	-0.020198	-0.014313	-0.002876	0.014015
0.002183	0.255500	0.159044	0.068368	0.152628	0.060842	0.178744	0.112255	0.038220	0.206303	0.180256	0.062197	0.132454	0.072410	0.049645	0.233588	0.058221	0.121553	0.102625	0.231200	0.149915	0.246301	0.122300	0.055192	0.182837	0.111854	1.000000	0.140722	0.201367	0.226782	0.157711	0.213378	0.158602	0.214861	0.137773	0.179170	0.150226	0.253963	0.098204	0.291505	0.277187	0.294149	0.238403	0.253276	0.076443	0.247918	0.009017	0.040565	0.050931	0.049404	-0.023351	0.022816	0.028447	-0.007899	0.009295	-0.002197	-0.014196	0.026927	0.045564	-0.015628	-0.022187	0.080375	-0.034179	0.102207	0.008116	-0.005125	-0.016656	-0.059701	-0.035121	0.033297	-0.002154	0.032583	0.009313	-0.028443	0.073519	-0.057605	0.034579	0.004696	0.027749	-0.050504	-0.013540	0.013829	0.022443	0.005975	0.011153	-0.010365	0.019726	-0.008765	0.016573	0.003411	0.010386
-0.000392	0.208069	0.119532	0.099655	0.142080	0.092728	0.177138	0.151066	0.120718	0.214187	0.095727	0.101756	0.111515	0.084780	0.069919	0.212040	0.102780	0.096827	0.096156	0.160247	0.203908	0.201947	0.177948	0.080723	0.068642	0.165015	0.140722	1.000000	0.245136	0.174371	0.067512	0.122172	0.161815	0.183984	0.069435	0.188013	0.210033	0.122778	0.134235	0.179722	0.196726	0.247990	0.166220	0.202569	0.072282	0.195793	-0.002874	0.016201	0.059340	0.030674	-0.012323	0.059640	0.015480	-0.005236	-0.001020	-0.016954	-0.012342	0.018520	0.053528	0.014643	-0.025095	0.069420	-0.041798	0.077200	-0.019859	-0.018316	-0.000228	-0.041980	-0.064752	0.023924	-0.064686	-0.014801	0.031140	-0.019835	0.011197	-0.024749	0.040584	-0.013115	0.047915	-0.094539	-0.027772	0.030843	0.012780	-0.010157	-0.001058	-0.027962	0.018787	-0.003836	0.000378	-0.013331	0.033732
-0.000838	0.224679	0.121700	0.113626	0.166318	0.094744	0.187274	0.192392	0.104190	0.226836	0.130918	0.086596	0.114280	0.089984	0.098216	0.181140	0.129295	0.129265	0.104014	0.133459	0.167922	0.248240	0.195991	0.149493	0.082066	0.214435	0.201367	0.245136	1.000000	0.200383	0.049498	0.134006	0.181555	0.251644	0.112978	0.163554	0.213218	0.147470	0.159997	0.125753	0.236814	0.264358	0.207097	0.196080	0.040933	0.087307	-0.032135	0.012125	0.060993	0.040995	-0.022245	0.016882	0.021767	-0.006278	-0.004413	-0.023922	-0.020542	0.011991	0.049908	0.007880	-0.012183	0.102838	-0.050232	0.050371	-0.038706	-0.015658	-0.013866	-0.043173	-0.094811	0.013737	-0.089883	-0.022472	0.016760	-0.039358	0.019521	-0.058232	0.011464	-0.015546	0.005030	-0.060965	-0.043212	0.000073	-0.016063	-0.008128	0.002361	-0.032313	0.004600	0.006112	-0.021733	-0.000351	-0.004591
0.000119	0.218954	0.246820	0.089736	0.213675	0.026786	0.196440	0.172726	0.033936	0.191487	0.252874	0.062056	0.107439	0.038747	0.023208	0.238800	0.047069	0.192402	0.100512	0.302868	0.158702	0.166116	0.184119	0.115596	0.303707	0.170042	0.226782	0.174371	0.200383	1.000000	0.121766	0.190541	0.086965	0.256902	0.214530	0.242160	0.212453	0.244871	0.133194	0.311217	0.257829	0.341839	0.237218	0.328647	0.105664	0.201893	0.004934	0.071145	0.054488	0.061863	-0.006444	-0.010881	0.015580	-0.005999	-0.033801	0.034212	-0.015305	0.073894	0.038011	-0.046408	-0.007332	0.090727	0.054197	0.084288	0.040230	-0.001258	-0.005336	-0.013581	0.000041	0.068364	-0.018013	0.039771	0.021776	-0.013637	0.075746	-0.042906	0.047954	-0.010386	0.044695	0.038936	-0.032175	0.027839	0.014655	-0.010247	0.056325	0.006074	0.023911	-0.017573	-0.003967	0.022648	0.003222
-0.000466	0.190027	0.114437	0.026108	0.072094	0.008873	0.054068	0.012757	0.004871	0.099656	0.116060	-0.014036	0.064117	-0.014277	-0.020158	0.186188	-0.005843	0.136946	0.040583	0.180919	0.033900	0.103047	0.134828	0.027622	0.237990	0.015707	0.157711	0.067512	0.049498	0.121766	1.000000	0.028361	-0.011193	0.082939	0.130470	0.071828	0.119890	0.147596	0.070475	0.223443	0.156668	0.181112	0.124873	0.208913	0.090830	0.138094	-0.002765	0.041736	0.025034	0.022990	-0.027073	0.002070	-0.004556	-0.019649	-0.006135	0.025519	-0.015561	0.007990	-0.000485	-0.030247	-0.010015	0.033724	0.016581	0.122626	0.008515	-0.013554	0.001159	0.010201	0.021361	-0.005390	0.008148	0.044455	0.005295	-0.010110	0.022474	-0.058214	0.000610	0.002229	-0.019473	0.035108	0.000584	-0.018709	0.004335	-0.015824	0.016054	-0.002598	0.005831	-0.018578	0.015252	0.001599	0.004163
0.000126	0.219687	0.109090	0.043749	0.193399	0.027963	0.234376	0.039313	0.031574	0.170520	0.148464	0.033086	0.092854	0.044609	0.019763	0.225549	0.037337	0.087059	0.078113	0.209624	0.119445	0.132427	0.145099	0.080009	0.138645	0.146193	0.213378	0.122172	0.134006	0.190541	0.028361	1.000000	0.087248	0.151314	0.122024	0.135262	0.097892	0.208347	0.070300	0.222356	0.192036	0.258327	0.180087	0.277580	0.106258	0.118892	0.020445	0.058592	0.032865	0.068487	-0.013900	-0.008384	0.003266	-0.016698	0.013452	0.026111	-0.022798	0.049846	0.046435	0.016898	-0.015629	0.056799	-0.013323	0.068606	0.043313	0.000508	0.005422	0.014326	-0.015491	0.037477	-0.010325	0.010228	0.021247	0.008478	0.021461	-0.031848	0.051700	0.018504	0.041139	-0.007727	0.020627	0.006378	0.012937	-0.003711	0.031528	0.009844	0.012661	0.002692	-0.019632	0.006622	-0.003192
0.001560	0.171647	0.099736	0.099645	0.117801	0.129051	0.223178	0.185212	0.103102	0.176118	0.062538	0.112930	0.116205	0.116421	0.106706	0.141391	0.110772	0.099154	0.096470	0.079624	0.138854	0.207257	0.115639	0.058652	0.005094	0.089407	0.158602	0.161815	0.181555	0.086965	-0.011193	0.087248	1.000000	0.111883	0.028956	0.136355	0.182406	0.151668	0.134361	0.077715	0.242592	0.171959	0.122304	0.166361	-0.050891	0.083291	-0.025178	0.021550	0.050786	0.033083	-0.006228	0.015641	0.017398	-0.007426	0.031489	0.002628	-0.010041	0.006619	0.060868	0.052632	0.007401	0.091632	-0.091651	0.021652	-0.047867	-0.018680	-0.007674	-0.075619	-0.112746	-0.002829	-0.078223	-0.001294	-0.018596	-0.036320	-0.005010	-0.043382	0.001787	0.007254	0.019794	-0.080816	-0.026942	0.029445	-0.000699	-0.012646	-0.019951	-0.023033	-0.003582	-0.006093	-0.031368	0.002922	0.005316
-0.000385	0.279343	0.125937	0.047344	0.254602	0.062238	0.167943	0.145671	0.046957	0.249746	0.186805	0.059875	0.086090	0.058953	0.027698	0.280472	0.051490	0.135295	0.087361	0.255695	0.150642	0.175999	0.181977	0.108978	0.205140	0.153528	0.214861	0.183984	0.251644	0.256902	0.082939	0.151314	0.111883	1.000000	0.140484	0.183721	0.176546	0.251363	0.105415	0.283324	0.278893	0.300644	0.208036	0.269781	0.103136	0.224370	0.025883	0.065445	0.041599	0.065576	-0.032237	-0.015281	0.019218	-0.012289	0.001377	0.009797	-0.026260	0.014585	0.046174	-0.021487	-0.039780	0.047909	-0.036175	0.078053	0.006423	-0.015186	-0.011120	-0.025856	-0.021150	0.018145	-0.048978	-0.000543	0.038167	0.025897	0.043556	-0.040513	0.036557	-0.009463	0.020693	-0.046947	-0.033616	0.002379	0.019611	0.013330	0.020255	-0.032899	0.023780	-0.005850	-0.017846	0.038473	0.007609
-0.001096	0.201826	0.127215	0.004871	0.093273	-0.021487	0.063720	0.010393	-0.016054	0.089530	0.255951	0.001180	0.073522	-0.030819	-0.041347	0.246620	-0.035233	0.136595	-0.023619	0.244042	0.094726	0.054356	0.130919	0.041493	0.274918	0.071009	0.137773	0.069435	0.112978	0.214530	0.130470	0.122024	0.028956	0.140484	1.000000	0.116324	0.059144	0.201195	-0.024821	0.295456	0.146116	0.254500	0.159431	0.220006	0.153340	0.136737	0.005260	0.064925	0.010691	0.036924	-0.027701	-0.028389	0.007804	-0.017231	-0.011883	-0.007983	-0.031465	0.036526	0.009533	-0.055784	-0.101515	0.026628	0.098671	0.062586	0.020487	-0.001641	-0.006703	0.079885	0.048032	-0.017192	0.048785	0.104173	0.015067	-0.000639	0.067696	-0.007191	0.008230	-0.020713	0.015086	0.102981	-0.014255	-0.017990	0.017917	0.005235	0.017053	-0.000976	0.009935	-0.023207	0.012358	0.034119	0.005526
-0.000868	0.225982	0.225334	0.066133	0.137289	0.044297	0.149133	0.122485	0.052875	0.161579	0.121589	0.069734	0.100829	0.066101	0.039244	0.183209	0.051077	0.143797	0.077268	0.236794	0.126683	0.162969	0.145494	0.088844	0.139137	0.154395	0.179170	0.188013	0.163554	0.242160	0.071828	0.135262	0.136355	0.183721	0.116324	1.000000	0.154811	0.212641	0.080915	0.229677	0.152215	0.219051	0.179125	0.208143	0.025480	0.171239	-0.019004	0.035333	0.048932	0.031183	-0.008627	0.002447	0.014842	-0.022907	-0.006442	0.001429	-0.021108	0.023339	0.018563	-0.025330	-0.019395	0.070282	-0.011471	0.058825	0.017455	-0.027874	-0.014912	-0.054009	-0.028467	0.027902	-0.026935	0.014533	0.003982	-0.025217	-0.019472	-0.047804	0.028721	-0.020754	-0.008310	0.001804	0.036541	0.008011	0.023847	-0.006145	0.015587	-0.009219	-0.004285	-0.007665	-0.010103	-0.009954	0.009600
-0.001291	0.253759	0.135887	0.134467	0.151018	0.156130	0.203011	0.230351	0.130250	0.218754	0.177954	0.140107	0.160888	0.113969	0.137558	0.144244	0.162200	0.121636	0.107962	0.151459	0.166404	0.267888	0.141580	0.038344	0.136386	0.128399	0.150226	0.210033	0.213218	0.212453	0.119890	0.097892	0.182406	0.176546	0.059144	0.154811	1.000000	0.092525	0.160475	0.116435	0.225515	0.218795	0.134368	0.199425	-0.026501	0.101967	0.006510	0.044446	0.094311	0.066304	-0.005565	0.015019	0.022363	0.024615	-0.006423	-0.013515	0.036783	0.006600	0.083361	0.041526	-0.000886	0.150281	-0.058498	0.056024	-0.011147	0.004312	0.005459	-0.057898	-0.090263	0.010693	-0.105511	0.009218	0.004397	-0.048783	0.013152	-0.036625	0.011990	0.003762	0.010282	-0.053653	-0.073447	0.033564	-0.010658	-0.016499	-0.011948	0.009066	0.015003	0.013767	-0.016857	-0.009685	-0.001239
-0.000660	0.212205	0.168021	0.068383	0.157880	0.062568	0.194006	0.100530	0.015028	0.213832	0.247641	0.029762	0.131486	0.059123	0.000812	0.169331	0.046763	0.121640	0.082777	0.211128	0.111479	0.168676	0.118592	0.128929	0.230347	0.158689	0.253963	0.122778	0.147470	0.244871	0.147596	0.208347	0.151668	0.251363	0.201195	0.212641	0.092525	1.000000	0.018128	0.242656	0.195014	0.285896	0.176988	0.300886	0.092061	0.219754	-0.004042	0.050390	0.055935	0.076552	-0.012957	0.008103	0.018666	-0.018482	0.008298	-0.002890	-0.018043	0.016906	0.044447	-0.036451	-0.017809	0.072624	0.008797	0.069100	0.006114	-0.023441	-0.000505	-0.007117	0.025512	0.030660	-0.011745	0.038239	0.002496	-0.009832	0.052114	-0.065815	0.041124	-0.000283	0.018842	-0.035660	-0.001967	0.020137	0.010090	0.006285	0.032099	-0.014473	-0.010400	0.001559	-0.007250	0.008040	0.008187
0.000453	0.176720	0.060246	0.097474	0.177514	0.087568	0.127741	0.162027	0.111905	0.160076	0.053835	0.077741	0.067774	0.086878	0.090725	0.084699	0.119070	0.083844	0.082068	0.030273	0.109302	0.111449	0.097453	0.020849	0.012705	0.062162	0.098204	0.134235	0.159997	0.133194	0.070475	0.070300	0.134361	0.105415	-0.024821	0.080915	0.160475	0.018128	1.000000	0.018861	0.165576	0.130430	0.095397	0.101196	-0.071279	0.034428	-0.004664	-0.015811	0.040921	0.056726	0.045906	0.043728	0.008068	-0.001914	-0.013205	-0.009687	0.016888	0.033645	0.028285	0.053640	0.028773	0.101117	-0.064465	0.057402	-0.018650	0.001620	0.014532	-0.083055	-0.066213	0.017510	-0.052480	-0.010650	0.009718	-0.002404	0.015471	-0.037811	0.008310	0.002141	0.019045	-0.051101	-0.023061	0.012898	0.023331	-0.023980	0.008826	0.006626	0.016364	0.018315	-0.000863	-0.001420	-0.016152
-0.001201	0.285504	0.229496	0.096989	0.205186	-0.001386	0.173685	0.087810	0.045584	0.147582	0.258245	0.077790	0.162190	-0.005719	-0.036129	0.270153	-0.003991	0.135987	0.067939	0.260765	0.118215	0.186576	0.163064	0.070646	0.296505	0.136753	0.291505	0.179722	0.125753	0.311217	0.223443	0.222356	0.077715	0.283324	0.295456	0.229677	0.116435	0.242656	0.018861	1.000000	0.203750	0.326094	0.218604	0.265071	0.174461	0.285277	0.009544	0.087979	0.035693	0.040967	-0.036794	-0.008888	0.006554	-0.002543	-0.005784	0.042595	-0.021845	0.050073	0.042010	-0.045881	-0.047635	0.059334	0.032429	0.120813	0.039081	-0.012521	0.012250	0.022443	0.018661	0.020830	0.010486	0.047077	0.025422	-0.009859	0.067687	-0.044700	0.015198	-0.013532	0.040304	0.029613	-0.023950	-0.009888	0.023391	-0.008205	0.016740	-0.001797	0.027805	-0.003138	-0.002238	0.022527	0.005687
-0.002867	0.261998	0.149458	0.101431	0.204272	0.100869	0.219733	0.196331	0.104996	0.285835	0.167868	0.094029	0.144773	0.068576	0.096766	0.209542	0.082747	0.124427	0.109894	0.194900	0.201708	0.250515	0.165482	0.071373	0.129455	0.152058	0.277187	0.196726	0.236814	0.257829	0.156668	0.192036	0.242592	0.278893	0.146116	0.152215	0.225515	0.195014	0.165576	0.203750	1.000000	0.277579	0.251563	0.268078	0.015011	0.170969	0.014061	0.059822	0.065843	0.068663	0.002594	0.005470	0.012181	-0.021158	-0.004522	-0.018424	-0.008697	0.022356	0.064089	0.001996	-0.030346	0.110327	-0.052353	0.068781	-0.012466	-0.003477	0.001435	-0.035828	-0.084583	0.007004	-0.067627	0.018428	-0.001436	-0.026789	0.028321	-0.049675	0.005685	0.017058	0.025816	-0.073330	-0.044939	0.030929	0.019400	-0.009472	-0.019718	-0.023728	-0.002075	-0.010041	-0.034451	-0.000948	0.007889
0.002264	0.358796	0.188580	0.099020	0.213554	0.059668	0.290871	0.157621	0.082873	0.303130	0.215630	0.085594	0.125438	0.076634	0.020483	0.285805	0.063826	0.189071	0.108235	0.254186	0.207460	0.235216	0.235682	0.149039	0.265907	0.237522	0.294149	0.247990	0.264358	0.341839	0.181112	0.258327	0.171959	0.300644	0.254500	0.219051	0.218795	0.285896	0.130430	0.326094	0.277579	1.000000	0.295427	0.310971	0.152047	0.260508	0.012077	0.061347	0.050854	0.057025	-0.008687	0.012889	0.005883	-0.022503	-0.002917	0.008494	-0.023048	0.033193	0.055087	-0.018233	-0.038612	0.092986	-0.028204	0.102452	-0.016937	-0.013268	0.001396	-0.027308	-0.038386	0.008821	-0.039455	0.030009	0.005452	-0.004531	0.040932	-0.086630	0.038378	-0.016769	0.028843	-0.026754	-0.042293	0.005707	0.010447	-0.004517	0.002506	-0.005964	0.017356	0.003120	0.001757	0.010204	-0.007019
-0.001464	0.253415	0.142541	0.042014	0.168217	0.026362	0.174067	0.082609	0.044405	0.182493	0.163850	0.042325	0.087015	0.063996	0.004812	0.252822	0.027888	0.142649	0.073110	0.271345	0.180356	0.109424	0.153367	0.092268	0.224464	0.171919	0.238403	0.166220	0.207097	0.237218	0.124873	0.180087	0.122304	0.208036	0.159431	0.179125	0.134368	0.176988	0.095397	0.218604	0.251563	0.295427	1.000000	0.271555	0.049435	0.207216	-0.009556	0.032587	0.028062	0.062666	-0.017176	-0.026151	0.018115	-0.035367	-0.006459	0.017950	-0.005441	0.037823	0.015626	-0.016551	-0.034066	0.043038	-0.011005	0.092964	0.018076	-0.005412	0.002511	-0.045738	-0.024328	-0.003898	-0.010670	0.044089	0.019937	-0.007660	0.027339	-0.065462	0.032800	-0.032110	0.008867	-0.017475	-0.016913	0.013771	0.005394	0.001567	-0.009088	0.007943	0.021381	0.023548	-0.035479	-0.016718	0.003933
0.000872	0.342057	0.159455	0.075492	0.205432	0.071388	0.260640	0.117731	0.031370	0.291211	0.213818	0.052886	0.110172	0.039887	0.031060	0.283362	0.044550	0.180109	0.096927	0.285759	0.177707	0.238883	0.240800	0.162805	0.244676	0.178354	0.253276	0.202569	0.196080	0.328647	0.208913	0.277580	0.166361	0.269781	0.220006	0.208143	0.199425	0.300886	0.101196	0.265071	0.268078	0.310971	0.271555	1.000000	0.131579	0.212186	0.003531	0.074338	0.032337	0.083193	-0.006588	-0.014913	0.005684	0.006128	0.013066	0.002376	-0.021311	0.019985	0.033550	-0.029233	-0.030493	0.067553	-0.033419	0.089080	0.010600	-0.008215	-0.002324	-0.030749	-0.010670	0.031971	-0.020605	0.051806	0.022091	0.002323	0.042665	-0.069936	0.057715	-0.001552	0.044623	-0.020318	-0.033363	0.013987	0.015731	-0.009163	0.032777	-0.013022	0.016433	-0.022287	-0.020690	0.016455	-0.006609
-0.002249	0.100271	0.050005	-0.018249	0.020011	-0.044834	-0.003028	-0.075235	-0.090186	-0.006078	0.079524	-0.021347	-0.026396	-0.064656	-0.082398	0.144175	-0.045315	0.010408	-0.019572	0.198515	0.048912	-0.049981	0.071726	0.039463	0.174864	0.034397	0.076443	0.072282	0.040933	0.105664	0.090830	0.106258	-0.050891	0.103136	0.153340	0.025480	-0.026501	0.092061	-0.071279	0.174461	0.015011	0.152047	0.049435	0.131579	1.000000	0.158071	0.003081	0.053739	-0.027156	-0.004669	-0.051346	-0.030118	0.001632	-0.007093	0.007363	-0.014835	-0.025748	-0.008181	-0.008919	-0.025612	-0.041679	-0.035594	0.047599	0.037683	0.057667	-0.024655	-0.009436	0.056971	0.090069	0.003634	0.067934	0.020428	0.023081	0.024264	0.035596	-0.008269	0.002699	-0.021984	0.024823	0.023396	-0.003935	-0.024906	0.014375	0.009184	-0.006324	-0.013947	0.022709	-0.009784	-0.004077	0.014060	0.003882
0.001449	0.204102	0.105895	0.035781	0.161417	0.007615	0.119302	0.065998	0.011015	0.115381	0.156302	0.029105	0.087625	0.036728	-0.006890	0.224952	0.021011	0.133458	0.054729	0.232406	0.139330	0.154795	0.192510	0.111784	0.260136	0.142792	0.247918	0.195793	0.087307	0.201893	0.138094	0.118892	0.083291	0.224370	0.136737	0.171239	0.101967	0.219754	0.034428	0.285277	0.170969	0.260508	0.207216	0.212186	0.158071	1.000000	0.036507	0.054989	-0.001283	0.035237	-0.040637	-0.002480	0.008516	0.000189	0.011089	-0.004491	-0.001523	0.005216	0.021306	-0.018462	-0.041452	0.044833	0.004234	0.097686	0.035085	-0.030349	-0.015533	-0.017270	0.001587	0.010962	-0.006505	0.022616	0.015481	0.005479	0.036986	-0.065642	0.035371	-0.022934	0.018847	-0.023783	-0.015970	0.017921	0.011628	0.012657	-0.033239	-0.017895	-0.000645	-0.007358	-0.009485	0.023942	0.017009
-0.000141	-0.024495	-0.014487	-0.000383	-0.026409	-0.008410	-0.002093	0.006580	0.010053	-0.005025	-0.037118	-0.000334	0.007989	0.016526	0.004415	0.015367	0.028834	-0.066051	-0.002555	0.004524	-0.015428	-0.011873	0.021202	-0.027587	-0.013791	-0.012516	0.009017	-0.002874	-0.032135	0.004934	-0.002765	0.020445	-0.025178	0.025883	0.005260	-0.019004	0.006510	-0.004042	-0.004664	0.009544	0.014061	0.012077	-0.009556	0.003531	0.003081	0.036507	1.000000	0.026450	-0.013258	-0.018939	0.024750	-0.073709	0.044107	0.018734	-0.052042	-0.001445	0.016029	0.015490	0.049697	0.016611	0.090541	-0.001231	0.000571	0.004705	0.120582	-0.005604	0.072786	0.052138	0.040725	0.133795	0.034400	0.007596	-0.017284	-0.006234	-0.036427	0.079633	0.068594	-0.011168	0.062754	0.057331	-0.028531	0.066073	0.048834	0.059498	0.114244	0.016079	0.142408	-0.003621	0.099458	0.068160	0.079238
