1.000000	0.000407	0.000600	0.000745	0.000168	-0.000273	-0.000443	-0.000498	-0.000049	0.000223	-0.000453	-0.000439	0.000497	-0.000318	0.000618	-0.000113	-0.000194	0.000564	-0.000072	0.000093	-0.000170	-0.000404	0.000005	0.000029	0.000252	0.000334	-0.000031	-0.000085	0.000307	-0.000167	0.000637	-0.000520	-0.000181	0.000080	0.000411	0.000321	-0.000050	0.000147	-0.000267	0.000071	-0.000308	-0.000011	-0.000105	-0.000038	-0.000094	0.000313	0.000831	-0.000105	-0.000205	-0.000256	0.000531	-0.000168	0.000787	-0.000795	-0.000063	0.000096	-0.000083	0.000008	0.000832	0.000233	0.000402	-0.000863	0.000010	-0.001109	-0.000249	-0.001031	-0.001054	0.000288	-0.000473	0.000278	-0.000009	0.000322	-0.000166	0.000534	0.000451	-0.000165	-0.000068	0.000005	-0.000218	-0.000091	-0.000120	0.000414	-0.000125	-0.000662	-0.000234	0.001039	-0.000365	0.000416	-0.000246	0.000996	0.000621
0.000407	1.000000	0.917406	0.765466	0.921538	0.845142	0.891828	0.868798	0.750012	0.908696	0.646887	0.801809	0.864888	0.771921	0.684624	0.944685	0.680439	0.650979	0.602974	0.803827	0.550419	0.854818	0.797512	0.741119	0.494724	0.799098	0.848491	0.834414	0.711240	0.948776	0.563691	0.573126	0.924432	0.704290	0.678023	0.772470	0.874994	0.940091	0.861324	0.828086	0.647286	0.911157	0.237076	0.907580	-0.444200	0.061007	-0.355809	0.203619	0.510778	0.285945	0.219404	0.062126	0.057984	0.139374	-0.107064	-0.313467	0.305852	0.405686	0.592892	0.466387	-0.230107	0.690974	-0.609043	-0.257936	-0.302312	-0.279198	-0.091901	-0.644446	-0.712404	-0.286362	-0.609332	-0.327341	-0.289592	-0.371746	0.129325	-0.612403	-0.282298	-0.106746	-0.140141	-0.483335	-0.466260	0.133092	-0.114245	-0.058458	-0.270008	-0.394214	-0.326727	-0.250954	-0.373498	-0.289407	-0.282789
0.000600	0.917406	1.000000	0.851906	0.949049	0.815528	0.894876	0.823079	0.702093	0.907984	0.701033	0.781599	0.946249	0.801001	0.660189	0.911253	0.750415	0.624577	0.637271	0.825904	0.581425	0.842803	0.766170	0.687726	0.541653	0.763117	0.849448	0.813318	0.724483	0.963829	0.593824	0.622548	0.890445	0.739980	0.698131	0.772208	0.819355	0.911321	0.836654	0.856130	0.678495	0.887132	0.290539	0.891226	-0.389084	0.129929	-0.205911	0.384339	0.609520	0.398582	0.293886	0.188482	0.154800	0.202662	0.037671	-0.146401	0.421228	0.591003	0.745341	0.539914	-0.066938	0.758798	-0.500709	-0.173412	-0.135519	-0.137481	0.052960	-0.540110	-0.644708	-0.141947	-0.501803	-0.179564	-0.147770	-0.227893	0.281996	-0.557297	-0.158909	0.045149	0.016779	-0.350842	-0.328514	0.284386	0.061433	-0.019343	-0.089667	-0.253783	-0.160445	-0.091304	-0.214846	-0.285812	-0.136904
0.000745	0.765466	0.851906	1.000000	0.839836	0.783908	0.701680	0.793142	0.735277	0.702594	0.443815	0.805992	0.857675	0.850062	0.744448	0.705839	0.833192	0.426052	0.402826	0.558024	0.331446	0.639532	0.535622	0.463945	0.247579	0.527745	0.602751	0.616735	0.471597	0.783098	0.304113	0.347230	0.737592	0.468175	0.410779	0.532213	0.825712	0.699033	0.747478	0.595817	0.422035	0.651784	0.045924	0.652128	-0.511158	-0.097760	-0.177645	0.333311	0.625354	0.377533	0.437287	0.200404	0.226881	0.326254	0.058958	-0.160293	0.560130	0.566792	0.748794	0.668727	0.055227	0.768243	-0.492535	-0.308216	-0.123799	-0.076572	0.075631	-0.515149	-0.620803	-0.136777	-0.509975	-0.230826	-0.173815	-0.197131	0.213170	-0.442956	-0.204263	0.053119	-0.028432	-0.393536	-0.260573	0.381934	0.171059	0.060589	-0.068170	-0.197910	-0.143491	-0.069794	-0.174120	-0.167660	-0.053598
0.000168	0.921538	0.949049	0.839836	1.000000	0.841822	0.873813	0.846392	0.743782	0.884068	0.616642	0.821999	0.921576	0.833830	0.711568	0.906085	0.787253	0.550732	0.576266	0.772019	0.522902	0.823055	0.730380	0.659181	0.461893	0.728321	0.809422	0.789172	0.677846	0.925911	0.528010	0.554213	0.888054	0.682403	0.614645	0.720816	0.858970	0.901044	0.835513	0.801616	0.622309	0.860077	0.217090	0.860559	-0.443976	0.053236	-0.253634	0.360383	0.650180	0.438530	0.373752	0.216041	0.214941	0.289918	0.039189	-0.199572	0.474218	0.559992	0.743613	0.601875	-0.065516	0.795079	-0.531236	-0.252762	-0.181413	-0.144650	0.055263	-0.583788	-0.683772	-0.198150	-0.558310	-0.244797	-0.192434	-0.252611	0.277255	-0.583609	-0.228384	0.020439	-0.038799	-0.436851	-0.356067	0.327121	0.070292	0.058423	-0.159167	-0.281500	-0.197245	-0.114835	-0.253092	-0.316937	-0.166810
-0.000273	0.845142	0.815528	0.783908	0.841822	1.000000	0.722894	0.845044	0.805113	0.721038	0.392083	0.850012	0.799533	0.834436	0.790636	0.750143	0.786610	0.449049	0.363917	0.546174	0.304233	0.660494	0.568912	0.517050	0.205414	0.568018	0.611534	0.648261	0.464548	0.787090	0.276977	0.299611	0.780628	0.441395	0.396565	0.542886	0.900556	0.739531	0.801024	0.581797	0.397676	0.682316	-0.013423	0.676858	-0.583104	-0.175112	-0.339841	0.157028	0.565933	0.287383	0.371800	0.086046	0.146840	0.282962	-0.083578	-0.334538	0.450777	0.409261	0.628074	0.619319	-0.113862	0.742274	-0.611491	-0.419828	-0.307357	-0.217541	-0.063808	-0.636134	-0.710439	-0.295415	-0.641218	-0.396420	-0.327838	-0.347700	0.069646	-0.512135	-0.348004	-0.096747	-0.197247	-0.556485	-0.407029	0.243744	-0.003451	0.031943	-0.263305	-0.347781	-0.319789	-0.229379	-0.343374	-0.181730	-0.206881
-0.000443	0.891828	0.894876	0.701680	0.873813	0.722894	1.000000	0.727057	0.573675	0.915698	0.757304	0.663852	0.838130	0.655657	0.520764	0.934331	0.596745	0.654731	0.705764	0.886565	0.673192	0.872595	0.822538	0.757305	0.659689	0.826732	0.901276	0.842624	0.806802	0.923926	0.712643	0.718142	0.868938	0.826510	0.775090	0.817025	0.702273	0.935344	0.778638	0.900654	0.765900	0.928666	0.405749	0.930909	-0.297905	0.245878	-0.246044	0.360902	0.529044	0.392934	0.211815	0.169048	0.121967	0.146881	0.017896	-0.161017	0.307504	0.499718	0.623981	0.410246	-0.154677	0.658330	-0.478784	-0.106134	-0.166406	-0.180066	0.024251	-0.538548	-0.622657	-0.175147	-0.485004	-0.169162	-0.147463	-0.249063	0.293192	-0.596325	-0.158226	0.007844	0.000675	-0.336371	-0.368420	0.205990	-0.025567	-0.017254	-0.152928	-0.288240	-0.187271	-0.121380	-0.255872	-0.359917	-0.213988
-0.000498	0.868798	0.823079	0.793142	0.846392	0.845044	0.727057	1.000000	0.811427	0.731372	0.408699	0.855320	0.799741	0.834848	0.795375	0.767535	0.757062	0.469087	0.372522	0.562701	0.309402	0.671562	0.588052	0.536269	0.212924	0.582580	0.628372	0.660399	0.476474	0.802786	0.285343	0.307844	0.806967	0.452241	0.416073	0.562294	0.909165	0.757021	0.811411	0.595878	0.406366	0.702344	-0.016477	0.696918	-0.594826	-0.182961	-0.352115	0.118256	0.527872	0.242240	0.329589	0.049184	0.098518	0.237648	-0.117418	-0.359037	0.409265	0.373130	0.595997	0.578131	-0.141275	0.715538	-0.632617	-0.422124	-0.327725	-0.245239	-0.099962	-0.643920	-0.710073	-0.306247	-0.650091	-0.415471	-0.345807	-0.370771	0.030592	-0.501270	-0.351682	-0.123611	-0.212394	-0.564725	-0.423823	0.195473	-0.042485	-0.007402	-0.275086	-0.366993	-0.348074	-0.254953	-0.360800	-0.166134	-0.215461
-0.000049	0.750012	0.702093	0.735277	0.743782	0.805113	0.573675	0.811427	1.000000	0.576031	0.219160	0.837221	0.703371	0.823133	0.820327	0.608099	0.778183	0.329580	0.201531	0.364608	0.131656	0.519676	0.424781	0.383402	0.009856	0.420360	0.446266	0.514629	0.288439	0.658941	0.083957	0.109219	0.676388	0.253210	0.214821	0.390364	0.894143	0.595256	0.729923	0.402877	0.219740	0.525353	-0.179158	0.517862	-0.659357	-0.331286	-0.354139	0.040158	0.505543	0.193421	0.387857	0.019783	0.125389	0.289073	-0.140183	-0.390608	0.449080	0.315724	0.556912	0.637797	-0.101342	0.693960	-0.626255	-0.513618	-0.347743	-0.228016	-0.114210	-0.626922	-0.685027	-0.324647	-0.655789	-0.469481	-0.385441	-0.371387	-0.051817	-0.426436	-0.402117	-0.147653	-0.271251	-0.600888	-0.396309	0.212621	-0.015977	0.031294	-0.291931	-0.353245	-0.364962	-0.267202	-0.362843	-0.082905	-0.189681
0.000223	0.908696	0.907984	0.702594	0.884068	0.721038	0.915698	0.731372	0.576031	1.000000	0.789003	0.656991	0.849256	0.650516	0.507457	0.957169	0.587588	0.672284	0.732760	0.916690	0.707670	0.898638	0.850791	0.775836	0.697221	0.851135	0.930402	0.862607	0.837653	0.942688	0.747828	0.756639	0.889071	0.856892	0.806785	0.842366	0.700139	0.958095	0.784595	0.930733	0.792880	0.955401	0.443391	0.958315	-0.277216	0.280528	-0.246749	0.378783	0.534719	0.404201	0.200327	0.180983	0.122539	0.138030	0.025797	-0.153843	0.296257	0.511040	0.626369	0.399889	-0.163319	0.656244	-0.477829	-0.083802	-0.162395	-0.181601	0.031463	-0.544614	-0.633124	-0.174883	-0.484059	-0.155728	-0.138833	-0.246471	0.315635	-0.618496	-0.150736	0.014224	0.015909	-0.331437	-0.376479	0.201944	-0.030405	-0.017705	-0.153188	-0.292173	-0.180075	-0.117189	-0.256165	-0.383819	-0.223101
-0.000453	0.646887	0.701033	0.443815	0.616642	0.392083	0.757304	0.408699	0.219160	0.789003	1.000000	0.309254	0.633790	0.315261	0.149419	0.765940	0.266335	0.717674	0.809803	0.900540	0.806756	0.773346	0.798720	0.739567	0.886937	0.796107	0.857432	0.744542	0.849816	0.765497	0.881594	0.874319	0.666242	0.893435	0.909692	0.813344	0.334149	0.779292	0.523885	0.896184	0.852760	0.832469	0.679390	0.841981	0.039889	0.577643	-0.104255	0.405495	0.310642	0.307092	-0.034479	0.138969	-0.005222	-0.072748	0.058614	0.056822	0.069818	0.456739	0.437235	0.106923	-0.179137	0.380225	-0.224908	0.216972	0.004251	-0.123145	0.054060	-0.301748	-0.373270	-0.017577	-0.199865	0.085488	0.042712	-0.101434	0.343457	-0.492570	0.057660	0.066696	0.161531	-0.010932	-0.237501	0.064462	-0.066515	-0.134846	0.008752	-0.162074	-0.031570	-0.018328	-0.112754	-0.363013	-0.165148
-0.000439	0.801809	0.781599	0.805992	0.821999	0.850012	0.663852	0.855320	0.837221	0.656991	0.309254	1.000000	0.780341	0.875114	0.831345	0.693481	0.832327	0.383008	0.290940	0.462561	0.229249	0.583520	0.501697	0.454147	0.111567	0.495628	0.537186	0.583837	0.386576	0.733499	0.187967	0.212197	0.739219	0.354757	0.305617	0.471973	0.915091	0.678919	0.780690	0.501183	0.314598	0.611723	-0.085534	0.605533	-0.616718	-0.240438	-0.334371	0.147305	0.599099	0.299149	0.446118	0.105875	0.187237	0.353824	-0.071774	-0.338413	0.500501	0.410800	0.652734	0.677888	-0.074502	0.779300	-0.604739	-0.467094	-0.304307	-0.198566	-0.048671	-0.629073	-0.700321	-0.302076	-0.646088	-0.419291	-0.337636	-0.332898	0.060154	-0.490703	-0.373043	-0.101538	-0.216986	-0.575674	-0.385507	0.296471	0.039323	0.076587	-0.267820	-0.334626	-0.316495	-0.222496	-0.334907	-0.162885	-0.187441
0.000497	0.864888	0.946249	0.857675	0.921576	0.799533	0.838130	0.799741	0.703371	0.849256	0.633790	0.780341	1.000000	0.809730	0.675862	0.849577	0.779743	0.571865	0.575963	0.751926	0.511831	0.785240	0.701843	0.622941	0.461963	0.693052	0.778567	0.756157	0.652657	0.911458	0.514987	0.548048	0.842414	0.665957	0.617134	0.704513	0.810268	0.849294	0.802502	0.784012	0.608554	0.818584	0.221159	0.821302	-0.419325	0.068788	-0.190170	0.389162	0.619769	0.408957	0.342949	0.204015	0.184715	0.243999	0.058488	-0.127190	0.470912	0.593254	0.755649	0.581124	-0.015861	0.762418	-0.485666	-0.201939	-0.114502	-0.106930	0.071761	-0.519344	-0.626168	-0.128731	-0.491774	-0.179985	-0.141885	-0.205576	0.280281	-0.514367	-0.159888	0.059709	0.018818	-0.346945	-0.298048	0.325558	0.109268	0.008093	-0.066290	-0.222516	-0.141447	-0.072198	-0.189674	-0.249238	-0.099634
-0.000318	0.771921	0.801001	0.850062	0.833830	0.834436	0.655657	0.834848	0.823133	0.650516	0.315261	0.875114	0.809730	1.000000	0.842072	0.673669	0.872121	0.360308	0.296239	0.458769	0.228593	0.589008	0.479241	0.422904	0.111990	0.470455	0.527431	0.574335	0.379137	0.731752	0.185357	0.218985	0.722883	0.357011	0.293968	0.457800	0.897659	0.662260	0.753236	0.499093	0.314810	0.595191	-0.073859	0.591147	-0.596868	-0.222458	-0.260309	0.231268	0.640045	0.359894	0.495113	0.172592	0.242611	0.393353	0.003093	-0.260395	0.592110	0.491059	0.714424	0.733159	0.018685	0.798169	-0.554753	-0.424173	-0.221846	-0.120771	0.025912	-0.577382	-0.670347	-0.226781	-0.592325	-0.344797	-0.266302	-0.264789	0.133211	-0.460745	-0.306482	-0.021672	-0.136583	-0.510281	-0.317368	0.375862	0.133303	0.109073	-0.176357	-0.261345	-0.230656	-0.138850	-0.251148	-0.160380	-0.107317
0.000618	0.684624	0.660189	0.744448	0.711568	0.790636	0.520764	0.795375	0.820327	0.507457	0.149419	0.831345	0.675862	0.842072	1.000000	0.540697	0.805765	0.266191	0.146260	0.288101	0.074664	0.454895	0.354951	0.314397	-0.061221	0.343191	0.373360	0.449163	0.224270	0.596592	0.012209	0.042445	0.615143	0.182842	0.135104	0.322186	0.874598	0.525464	0.685633	0.327553	0.153826	0.451067	-0.226524	0.442233	-0.672998	-0.369436	-0.322191	0.062731	0.538724	0.223023	0.466852	0.059444	0.169833	0.363486	-0.100644	-0.360805	0.531746	0.337415	0.574791	0.678422	-0.037132	0.714089	-0.598545	-0.527296	-0.315215	-0.183153	-0.076359	-0.600813	-0.668372	-0.300001	-0.636255	-0.451288	-0.365867	-0.333609	-0.029631	-0.397193	-0.390523	-0.124142	-0.255206	-0.586469	-0.353066	0.283410	0.053463	0.082470	-0.261236	-0.312092	-0.327183	-0.232002	-0.324769	-0.065838	-0.149249
-0.000113	0.944685	0.911253	0.705839	0.906085	0.750143	0.934331	0.767535	0.608099	0.957169	0.765940	0.693481	0.849577	0.673669	0.540697	1.000000	0.605824	0.669434	0.719521	0.919054	0.699867	0.911076	0.863897	0.798465	0.675598	0.866336	0.937481	0.874596	0.841298	0.951055	0.737081	0.739458	0.915162	0.847147	0.794591	0.843395	0.738821	0.987252	0.809680	0.932172	0.785454	0.976655	0.416531	0.975322	-0.297289	0.253123	-0.284195	0.351578	0.548188	0.412641	0.222816	0.175978	0.133509	0.166417	0.009085	-0.192009	0.304876	0.483379	0.617214	0.421033	-0.184909	0.676178	-0.499127	-0.119654	-0.197413	-0.203209	0.017309	-0.570780	-0.652120	-0.213371	-0.515669	-0.196593	-0.170398	-0.272164	0.299108	-0.644004	-0.190750	-0.014506	-0.022927	-0.377591	-0.402463	0.200811	-0.049356	0.006345	-0.202803	-0.321089	-0.213107	-0.145337	-0.288842	-0.411256	-0.254896
-0.000194	0.680439	0.750415	0.833192	0.787253	0.786610	0.596745	0.757062	0.778183	0.587588	0.266335	0.832327	0.779743	0.872121	0.805765	0.605824	1.000000	0.276071	0.264359	0.404996	0.198752	0.527729	0.414324	0.354848	0.081521	0.403195	0.466412	0.506272	0.337183	0.660611	0.152659	0.187338	0.645832	0.314577	0.234682	0.395686	0.826005	0.595989	0.689966	0.442677	0.277516	0.525557	-0.084175	0.521112	-0.561711	-0.216682	-0.187338	0.302521	0.691740	0.427115	0.585159	0.250780	0.331664	0.486189	0.087544	-0.179151	0.656210	0.534568	0.757029	0.796429	0.114468	0.815654	-0.466890	-0.393524	-0.134643	-0.041614	0.110240	-0.506756	-0.608381	-0.162279	-0.528017	-0.277759	-0.199131	-0.178895	0.208465	-0.425248	-0.264085	0.043810	-0.080068	-0.447782	-0.233284	0.482832	0.238766	0.182223	-0.108489	-0.181525	-0.144477	-0.056222	-0.171426	-0.175383	-0.044045
0.000564	0.650979	0.624577	0.426052	0.550732	0.449049	0.654731	0.469087	0.329580	0.672284	0.717674	0.383008	0.571865	0.360308	0.266191	0.669434	0.276071	1.000000	0.634614	0.734731	0.611909	0.659286	0.742806	0.731767	0.667371	0.737101	0.715228	0.665021	0.680653	0.705072	0.681729	0.634899	0.617154	0.679996	0.793888	0.723746	0.432229	0.686642	0.530267	0.732932	0.659739	0.725380	0.448024	0.723740	-0.101954	0.344598	-0.271208	0.077110	0.161525	0.038715	-0.125320	-0.163103	-0.225128	-0.188058	-0.235211	-0.168169	-0.018799	0.207336	0.283788	0.082170	-0.364415	0.321926	-0.369916	0.050830	-0.218519	-0.330855	-0.230971	-0.363033	-0.360039	-0.173250	-0.299837	-0.161758	-0.195204	-0.307312	-0.020584	-0.380708	-0.102033	-0.195041	-0.110761	-0.122168	-0.367614	-0.155783	-0.291740	-0.294234	-0.171058	-0.326322	-0.292056	-0.274088	-0.312296	-0.153305	-0.288484
-0.000072	0.602974	0.637271	0.402826	0.576266	0.363917	0.705764	0.372522	0.201531	0.732760	0.809803	0.290940	0.575963	0.296239	0.146260	0.719521	0.264359	0.634614	1.000000	0.837682	0.771444	0.726171	0.739823	0.692320	0.828766	0.739495	0.805478	0.706337	0.809960	0.703665	0.830997	0.828476	0.618483	0.842105	0.832631	0.771012	0.309930	0.729815	0.480277	0.827972	0.804274	0.782152	0.658250	0.787849	0.049584	0.560631	-0.078008	0.405591	0.320926	0.328402	0.010201	0.161764	0.046629	-0.019190	0.087209	0.055592	0.098277	0.416469	0.419074	0.124405	-0.138200	0.361076	-0.218584	0.203783	0.018955	-0.102581	0.085855	-0.283653	-0.351551	0.005954	-0.179158	0.097275	0.057683	-0.087612	0.368414	-0.482605	0.072503	0.084188	0.175969	0.008618	-0.221930	0.101650	-0.032075	-0.077882	0.015453	-0.142607	-0.007566	-0.001009	-0.090944	-0.363054	-0.142134
0.000093	0.803827	0.825904	0.558024	0.772019	0.546174	0.886565	0.562701	0.364608	0.916690	0.900540	0.462561	0.751926	0.458769	0.288101	0.919054	0.404996	0.734731	0.837682	1.000000	0.830457	0.892097	0.885708	0.823527	0.878472	0.890497	0.962098	0.853678	0.925261	0.889732	0.907484	0.898740	0.809543	0.956682	0.933651	0.891548	0.494509	0.928504	0.658672	0.988394	0.901956	0.962179	0.634358	0.967066	-0.066936	0.500398	-0.171361	0.425754	0.432006	0.393138	0.066745	0.176526	0.067650	0.025878	0.056045	-0.037784	0.164141	0.482979	0.532842	0.224656	-0.188917	0.518108	-0.336523	0.114905	-0.069989	-0.156481	0.057036	-0.414250	-0.490069	-0.091368	-0.326708	-0.011353	-0.027910	-0.167667	0.376577	-0.584279	-0.026755	0.047733	0.109795	-0.150538	-0.315574	0.133192	-0.060433	-0.065238	-0.079607	-0.232027	-0.093452	-0.059074	-0.184175	-0.423945	-0.213057
-0.000170	0.550419	0.581425	0.331446	0.522902	0.304233	0.673192	0.309402	0.131656	0.707670	0.806756	0.229249	0.511831	0.228593	0.074664	0.699867	0.198752	0.611909	0.771444	0.830457	1.000000	0.694177	0.736847	0.690817	0.866060	0.742400	0.794969	0.663685	0.812610	0.650520	0.867459	0.848065	0.575663	0.847156	0.832137	0.746110	0.237063	0.706369	0.432548	0.819526	0.828013	0.763888	0.704473	0.768460	0.137997	0.627109	-0.103289	0.422630	0.318307	0.371623	-0.002592	0.197755	0.068686	-0.012434	0.104176	0.059595	0.066390	0.402431	0.382185	0.083042	-0.179130	0.336481	-0.174849	0.252603	0.006640	-0.105539	0.095588	-0.276301	-0.340726	-0.039413	-0.171504	0.098964	0.060853	-0.078738	0.410755	-0.517728	0.047047	0.072247	0.158420	-0.009410	-0.231507	0.100827	-0.058902	-0.035243	-0.039113	-0.157592	-0.004660	0.003936	-0.111651	-0.431616	-0.195991
-0.000404	0.854818	0.842803	0.639532	0.823055	0.660494	0.872595	0.671562	0.519676	0.898638	0.773346	0.583520	0.785240	0.589008	0.454895	0.911076	0.527729	0.659286	0.726171	0.892097	0.694177	1.000000	0.831630	0.763724	0.706607	0.831674	0.900824	0.835564	0.828768	0.887705	0.755586	0.751523	0.838744	0.842337	0.796898	0.819053	0.635690	0.915118	0.703178	0.898950	0.789658	0.920370	0.453644	0.921417	-0.247627	0.305921	-0.245988	0.354920	0.487936	0.383257	0.169247	0.159061	0.101348	0.114541	0.012024	-0.154324	0.260032	0.466286	0.570311	0.359223	-0.183799	0.600573	-0.460245	-0.055355	-0.165967	-0.190867	0.016120	-0.524686	-0.603881	-0.176384	-0.461772	-0.150479	-0.136266	-0.248384	0.300478	-0.601659	-0.144896	-0.004181	0.006569	-0.310186	-0.374194	0.169928	-0.057121	-0.024099	-0.164266	-0.292607	-0.186295	-0.124800	-0.261032	-0.380928	-0.232674
0.000005	0.797512	0.766170	0.535622	0.730380	0.568912	0.822538	0.588052	0.424781	0.850791	0.798720	0.501697	0.701843	0.479241	0.354951	0.863897	0.414324	0.742806	0.739823	0.885708	0.736847	0.831630	1.000000	0.810579	0.763584	0.850836	0.875728	0.806419	0.831799	0.833453	0.805013	0.776241	0.779392	0.847009	0.851056	0.837044	0.542048	0.868942	0.654216	0.885974	0.800027	0.894117	0.524146	0.892893	-0.155342	0.396663	-0.282360	0.259762	0.372107	0.279167	0.050697	0.052348	-0.014475	0.004143	-0.079131	-0.170209	0.133369	0.364490	0.449502	0.237709	-0.291258	0.501135	-0.431077	0.001920	-0.202147	-0.264003	-0.078748	-0.481257	-0.524351	-0.207705	-0.409967	-0.163390	-0.169354	-0.282375	0.206222	-0.574725	-0.145272	-0.092026	-0.051394	-0.246863	-0.406604	0.042696	-0.174693	-0.102599	-0.202669	-0.334390	-0.243593	-0.193464	-0.308903	-0.353854	-0.301888
0.000029	0.741119	0.687726	0.463945	0.659181	0.517050	0.757305	0.536269	0.383402	0.775836	0.739567	0.454147	0.622941	0.422904	0.314397	0.798465	0.354848	0.731767	0.692320	0.823527	0.690817	0.763724	0.810579	1.000000	0.721640	0.806719	0.807105	0.738512	0.790735	0.761743	0.760856	0.715627	0.713630	0.770597	0.806852	0.791200	0.493930	0.807880	0.596489	0.817660	0.741714	0.831625	0.491599	0.827406	-0.127614	0.386294	-0.336246	0.165953	0.302095	0.211323	0.003741	-0.026477	-0.072869	-0.042950	-0.153467	-0.215036	0.068254	0.267836	0.365050	0.182137	-0.364460	0.446324	-0.423256	-0.015964	-0.261732	-0.323279	-0.148594	-0.471606	-0.478947	-0.256681	-0.407918	-0.210024	-0.225597	-0.336983	0.114590	-0.528476	-0.197131	-0.179031	-0.134063	-0.253447	-0.450199	-0.033047	-0.252793	-0.137585	-0.271284	-0.382298	-0.309037	-0.269682	-0.367436	-0.326723	-0.353406
0.000252	0.494724	0.541653	0.247579	0.461893	0.205414	0.659689	0.212924	0.009856	0.697221	0.886937	0.111567	0.461963	0.111990	-0.061221	0.675598	0.081521	0.667371	0.828766	0.878472	0.866060	0.706607	0.763584	0.721640	1.000000	0.766964	0.813148	0.670562	0.867954	0.627321	0.966025	0.935667	0.534345	0.910381	0.920329	0.782639	0.118892	0.690785	0.358166	0.859460	0.886982	0.766643	0.829651	0.776342	0.247022	0.756600	-0.064813	0.433696	0.241121	0.339319	-0.106393	0.171780	0.008613	-0.107128	0.101242	0.122380	-0.030693	0.382350	0.319720	-0.034837	-0.208838	0.249673	-0.100134	0.366783	0.050009	-0.099497	0.088448	-0.200010	-0.253435	0.007005	-0.080474	0.176662	0.117373	-0.040654	0.420450	-0.485517	0.120212	0.082880	0.207486	0.097518	-0.203122	0.033941	-0.095256	-0.087075	0.006600	-0.130287	0.029783	0.024801	-0.077298	-0.441211	-0.191632
0.000334	0.799098	0.763117	0.527745	0.728321	0.568018	0.826732	0.582580	0.420360	0.851135	0.796107	0.495628	0.693052	0.470455	0.343191	0.866336	0.403195	0.737101	0.739495	0.890497	0.742400	0.831674	0.850836	0.806719	0.766964	1.000000	0.879631	0.802199	0.840134	0.834106	0.806470	0.776349	0.784358	0.844990	0.854193	0.835846	0.536837	0.872638	0.654612	0.888544	0.805683	0.898087	0.526998	0.896721	-0.146686	0.402039	-0.276966	0.258114	0.370177	0.274538	0.043937	0.046666	-0.016168	-0.003681	-0.083334	-0.172044	0.122879	0.351772	0.445324	0.224967	-0.291806	0.493046	-0.429650	0.014946	-0.201475	-0.259802	-0.077962	-0.473412	-0.517154	-0.201755	-0.402286	-0.147596	-0.165806	-0.281754	0.202838	-0.570502	-0.135216	-0.087368	-0.044946	-0.237816	-0.402060	0.034429	-0.175500	-0.106854	-0.198905	-0.335674	-0.241233	-0.195382	-0.305754	-0.355121	-0.296470
-0.000031	0.848491	0.849448	0.602751	0.809422	0.611534	0.901276	0.628372	0.446266	0.930402	0.857432	0.537186	0.778567	0.527431	0.373360	0.937481	0.466412	0.715228	0.805478	0.962098	0.794969	0.900824	0.875728	0.807105	0.813148	0.879631	1.000000	0.860468	0.895209	0.907504	0.852405	0.847578	0.847658	0.923033	0.888509	0.877454	0.573552	0.943007	0.715496	0.965792	0.863880	0.964479	0.567881	0.966907	-0.153413	0.414785	-0.211554	0.390093	0.463099	0.383634	0.110367	0.164253	0.076855	0.063667	0.027203	-0.098266	0.206226	0.475685	0.556562	0.286368	-0.194209	0.563828	-0.411097	0.034270	-0.121886	-0.182055	0.030860	-0.480315	-0.554999	-0.134662	-0.398243	-0.081427	-0.084132	-0.213878	0.337106	-0.603198	-0.083256	0.020039	0.060538	-0.230605	-0.352074	0.144629	-0.067222	-0.052128	-0.121129	-0.268855	-0.145647	-0.098348	-0.226937	-0.408146	-0.227404
-0.000085	0.834414	0.813318	0.616735	0.789172	0.648261	0.842624	0.660399	0.514629	0.862607	0.744542	0.583837	0.756157	0.574335	0.449163	0.874596	0.506272	0.665021	0.706337	0.853678	0.663685	0.835564	0.806419	0.738512	0.670562	0.802199	0.860468	1.000000	0.790367	0.862018	0.718795	0.717177	0.812229	0.805111	0.777454	0.797414	0.628352	0.879216	0.709786	0.862291	0.752383	0.885537	0.432230	0.884198	-0.246711	0.280308	-0.250429	0.299172	0.445214	0.320054	0.138152	0.104767	0.052552	0.077367	-0.032776	-0.174933	0.228579	0.421117	0.531914	0.330588	-0.200255	0.567268	-0.470033	-0.061990	-0.183169	-0.215140	-0.025031	-0.517305	-0.584857	-0.178080	-0.455783	-0.167536	-0.156423	-0.263049	0.236968	-0.567374	-0.146018	-0.037646	-0.018548	-0.297171	-0.380786	0.124305	-0.084276	-0.067496	-0.166473	-0.299398	-0.207388	-0.155544	-0.269551	-0.328587	-0.231975
0.000307	0.711240	0.724483	0.471597	0.677846	0.464548	0.806802	0.476474	0.288439	0.837653	0.849816	0.386576	0.652657	0.379137	0.224270	0.841298	0.337183	0.680653	0.809960	0.925261	0.812610	0.828768	0.831799	0.790735	0.867954	0.840134	0.895209	0.790367	1.000000	0.789688	0.892317	0.872969	0.725344	0.914103	0.884577	0.835154	0.406563	0.848552	0.577668	0.916465	0.873160	0.888360	0.650486	0.891835	-0.024988	0.529255	-0.184165	0.408651	0.401913	0.392165	0.059027	0.179259	0.077671	0.035679	0.059633	-0.040908	0.140642	0.439281	0.476338	0.193202	-0.210003	0.462529	-0.312949	0.131168	-0.079155	-0.160308	0.055142	-0.404472	-0.470571	-0.110591	-0.313745	-0.012614	-0.031649	-0.165440	0.378412	-0.580177	-0.039499	0.028028	0.088236	-0.143143	-0.315841	0.124219	-0.077833	-0.034932	-0.110697	-0.236639	-0.098222	-0.065525	-0.195459	-0.436173	-0.234459
-0.000167	0.948776	0.963829	0.783098	0.925911	0.787090	0.923926	0.802786	0.658941	0.942688	0.765497	0.733499	0.911458	0.731752	0.596592	0.951055	0.660611	0.705072	0.703665	0.889732	0.650520	0.887705	0.833453	0.761743	0.627321	0.834106	0.907504	0.862018	0.789688	1.000000	0.677887	0.695889	0.912279	0.807489	0.786625	0.833831	0.786809	0.954490	0.831541	0.912162	0.745775	0.944421	0.366309	0.947419	-0.341663	0.202309	-0.237564	0.342407	0.528910	0.346468	0.196155	0.129377	0.079590	0.110947	-0.011636	-0.169386	0.315247	0.519351	0.660911	0.435967	-0.148191	0.686136	-0.512353	-0.120088	-0.166987	-0.191321	-0.000648	-0.548771	-0.641064	-0.162518	-0.497018	-0.176512	-0.160269	-0.264092	0.250046	-0.580525	-0.150092	0.005539	0.004489	-0.332930	-0.376329	0.184677	-0.027772	-0.082716	-0.122989	-0.291959	-0.195110	-0.135489	-0.253325	-0.298250	-0.189565
0.000637	0.563691	0.593824	0.304113	0.528010	0.276977	0.712643	0.285343	0.083957	0.747828	0.881594	0.187967	0.514987	0.185357	0.012209	0.737081	0.152659	0.681729	0.830997	0.907484	0.867459	0.755586	0.805013	0.760856	0.966025	0.806470	0.852405	0.718795	0.892317	0.677887	1.000000	0.928300	0.594024	0.925516	0.925065	0.805289	0.195774	0.751235	0.420341	0.889121	0.898671	0.817160	0.794473	0.824255	0.184978	0.704885	-0.107589	0.424675	0.291069	0.365309	-0.054339	0.176230	0.033380	-0.057342	0.085858	0.069742	0.017408	0.385057	0.358349	0.030362	-0.217436	0.313435	-0.153600	0.306309	0.005512	-0.124991	0.077264	-0.258092	-0.304011	-0.030179	-0.142110	0.117282	0.070344	-0.082401	0.413336	-0.516142	0.067183	0.057283	0.165145	0.031562	-0.244414	0.061183	-0.098278	-0.062143	-0.042138	-0.167745	-0.015485	-0.007352	-0.120326	-0.457364	-0.217323
-0.000520	0.573126	0.622548	0.347230	0.554213	0.299611	0.718142	0.307844	0.109219	0.756639	0.874319	0.212197	0.548048	0.218985	0.042445	0.739458	0.187338	0.634899	0.828476	0.898740	0.848065	0.751523	0.776241	0.715627	0.935667	0.776349	0.847578	0.717177	0.872969	0.695889	0.928300	1.000000	0.607981	0.920668	0.892951	0.794280	0.222112	0.751185	0.438941	0.887118	0.880469	0.811271	0.775541	0.822357	0.164846	0.698185	-0.044708	0.497515	0.331992	0.405796	-0.015577	0.239075	0.084331	-0.024450	0.158186	0.126127	0.067409	0.456739	0.416814	0.063399	-0.134322	0.333942	-0.143746	0.316981	0.071274	-0.058160	0.148425	-0.240540	-0.319530	0.025775	-0.124917	0.179047	0.130796	-0.023402	0.478916	-0.516021	0.120032	0.141031	0.244224	0.052912	-0.188060	0.125666	-0.014167	-0.035738	0.035728	-0.108888	0.059356	0.065786	-0.050313	-0.454273	-0.147232
-0.000181	0.924432	0.890445	0.737592	0.888054	0.780628	0.868938	0.806967	0.676388	0.889071	0.666242	0.739219	0.842414	0.722883	0.615143	0.915162	0.645832	0.617154	0.618483	0.809543	0.575663	0.838744	0.779392	0.713630	0.534345	0.784358	0.847658	0.812229	0.725344	0.912279	0.594024	0.607981	1.000000	0.726844	0.685433	0.763549	0.793581	0.911817	0.816803	0.829634	0.664564	0.889680	0.282963	0.889824	-0.403059	0.122658	-0.299774	0.274451	0.526401	0.337397	0.233033	0.117312	0.104150	0.162398	-0.041003	-0.246014	0.324066	0.450793	0.609759	0.459435	-0.172186	0.674284	-0.555339	-0.208203	-0.238804	-0.220882	-0.029082	-0.598557	-0.676671	-0.234578	-0.560412	-0.262968	-0.224699	-0.309694	0.203056	-0.589550	-0.229097	-0.046718	-0.074475	-0.430314	-0.410013	0.181459	-0.053866	-0.021193	-0.210929	-0.335078	-0.256617	-0.184552	-0.309211	-0.309628	-0.233433
0.000080	0.704290	0.739980	0.468175	0.682403	0.441395	0.826510	0.452241	0.253210	0.856892	0.893435	0.354757	0.665957	0.357011	0.182842	0.847147	0.314577	0.679996	0.842105	0.956682	0.847156	0.842337	0.847009	0.770597	0.910381	0.844990	0.923033	0.805111	0.914103	0.807489	0.925516	0.920668	0.726844	1.000000	0.916599	0.854428	0.374701	0.857632	0.568699	0.949571	0.903083	0.901815	0.698895	0.909910	0.019386	0.587033	-0.111493	0.470722	0.402843	0.413403	0.045803	0.219181	0.090930	0.019033	0.110818	0.032204	0.137285	0.482531	0.493961	0.165586	-0.153298	0.447545	-0.264129	0.197025	-0.006157	-0.106046	0.107999	-0.350443	-0.431348	-0.037663	-0.250415	0.071307	0.044509	-0.104672	0.436796	-0.560308	0.036587	0.098888	0.174130	-0.071273	-0.258244	0.145326	-0.027464	-0.038851	-0.026516	-0.174080	-0.022807	0.001260	-0.121377	-0.441926	-0.177125
0.000411	0.678023	0.698131	0.410779	0.614645	0.396565	0.775090	0.416073	0.214821	0.806785	0.909692	0.305617	0.617134	0.293968	0.135104	0.794591	0.234682	0.793888	0.832631	0.933651	0.832137	0.796898	0.851056	0.806852	0.920329	0.854193	0.888509	0.777454	0.884577	0.786625	0.925065	0.892951	0.685433	0.916599	1.000000	0.864566	0.338364	0.810989	0.531755	0.924626	0.877985	0.869637	0.699551	0.875599	0.061448	0.592287	-0.146869	0.318459	0.257562	0.233243	-0.103170	0.041630	-0.082763	-0.137658	-0.034442	-0.007493	-0.003323	0.358389	0.372440	0.049115	-0.268308	0.347269	-0.254828	0.229337	-0.055722	-0.197009	-0.033713	-0.302162	-0.347790	-0.056610	-0.199400	0.044360	-0.007551	-0.162986	0.256362	-0.486971	0.040831	-0.013066	0.101940	-0.010102	-0.291833	-0.027170	-0.164026	-0.192217	-0.048615	-0.220932	-0.101890	-0.096308	-0.172782	-0.346179	-0.225809
0.000321	0.772470	0.772208	0.532213	0.720816	0.542886	0.817025	0.562294	0.390364	0.842366	0.813344	0.471973	0.704513	0.457800	0.322186	0.843395	0.395686	0.723746	0.771012	0.891548	0.746110	0.819053	0.837044	0.791200	0.782639	0.835846	0.877454	0.797414	0.835154	0.833831	0.805289	0.794280	0.763549	0.854428	0.864566	1.000000	0.510815	0.852944	0.636197	0.892220	0.806663	0.882622	0.542467	0.885906	-0.125831	0.412030	-0.219244	0.295517	0.363712	0.269081	0.031136	0.066116	-0.017507	-0.022212	-0.048469	-0.113532	0.121599	0.386927	0.463989	0.214401	-0.237173	0.479604	-0.376979	0.054598	-0.133327	-0.218375	-0.040440	-0.428835	-0.484647	-0.126176	-0.347065	-0.085107	-0.104797	-0.231284	0.228981	-0.533901	-0.069906	-0.033976	0.025027	-0.172275	-0.333191	0.054425	-0.128213	-0.130229	-0.118064	-0.274837	-0.173705	-0.142703	-0.236867	-0.329232	-0.236295
-0.000050	0.874994	0.819355	0.825712	0.858970	0.900556	0.702273	0.909165	0.894143	0.700139	0.334149	0.915091	0.810268	0.897659	0.874598	0.738821	0.826005	0.432229	0.309930	0.494509	0.237063	0.635690	0.542048	0.493930	0.118892	0.536837	0.573552	0.628352	0.406563	0.786809	0.195774	0.222112	0.793581	0.374701	0.338364	0.510815	1.000000	0.725494	0.822923	0.534324	0.332355	0.656788	-0.098029	0.650296	-0.658459	-0.266094	-0.376199	0.090811	0.554509	0.240650	0.386252	0.046007	0.124580	0.284140	-0.130391	-0.395147	0.462327	0.373535	0.619960	0.651347	-0.127566	0.756989	-0.667349	-0.490771	-0.356087	-0.247232	-0.108964	-0.676284	-0.746247	-0.335921	-0.692003	-0.461980	-0.383900	-0.391045	-0.002350	-0.507617	-0.399141	-0.138295	-0.251190	-0.617720	-0.437419	0.222074	-0.026266	0.017627	-0.300545	-0.382624	-0.372448	-0.275227	-0.383170	-0.141461	-0.219111
0.000147	0.940091	0.911321	0.699033	0.901044	0.739531	0.935344	0.757021	0.595256	0.958095	0.779292	0.678919	0.849294	0.662260	0.525464	0.987252	0.595989	0.686642	0.729815	0.928504	0.706369	0.915118	0.868942	0.807880	0.690785	0.872638	0.943007	0.879216	0.848552	0.954490	0.751235	0.751185	0.911817	0.857632	0.810989	0.852944	0.725494	1.000000	0.799075	0.941031	0.795607	0.979117	0.429579	0.978378	-0.284958	0.265831	-0.278184	0.350899	0.536166	0.403975	0.207113	0.165654	0.118930	0.149379	0.003480	-0.184606	0.292487	0.479825	0.611415	0.406321	-0.190044	0.665968	-0.492206	-0.104902	-0.192388	-0.206061	0.011140	-0.560613	-0.639828	-0.205174	-0.504080	-0.187476	-0.165784	-0.270356	0.295383	-0.635941	-0.180055	-0.016909	-0.017786	-0.360118	-0.400948	0.189281	-0.056486	-0.008599	-0.195151	-0.317911	-0.210732	-0.145937	-0.285096	-0.404099	-0.253715
-0.000267	0.861324	0.836654	0.747478	0.835513	0.801024	0.778638	0.811411	0.729923	0.784595	0.523885	0.780690	0.802502	0.753236	0.685633	0.809680	0.689966	0.530267	0.480277	0.658672	0.432548	0.703178	0.654216	0.596489	0.358166	0.654612	0.715496	0.709786	0.577668	0.831541	0.420341	0.438941	0.816803	0.568699	0.531755	0.636197	0.822923	0.799075	1.000000	0.684565	0.515583	0.765992	0.118858	0.762483	-0.496959	-0.044564	-0.304375	0.188966	0.511147	0.271887	0.278653	0.077268	0.094472	0.191876	-0.082369	-0.290568	0.358674	0.404240	0.592728	0.507322	-0.143884	0.681288	-0.578321	-0.314424	-0.267987	-0.218121	-0.061999	-0.599969	-0.672433	-0.255285	-0.586816	-0.328212	-0.277269	-0.326225	0.105214	-0.515111	-0.279033	-0.078955	-0.137590	-0.477557	-0.397476	0.186801	-0.039103	-0.025979	-0.219437	-0.334939	-0.290748	-0.210021	-0.315459	-0.211672	-0.206264
0.000071	0.828086	0.856130	0.595817	0.801616	0.581797	0.900654	0.595878	0.402877	0.930733	0.896184	0.501183	0.784012	0.499093	0.327553	0.932172	0.442677	0.732932	0.827972	0.988394	0.819526	0.898950	0.885974	0.817660	0.859460	0.888544	0.965792	0.862291	0.916465	0.912162	0.889121	0.887118	0.829634	0.949571	0.924626	0.892220	0.534324	0.941031	0.684565	1.000000	0.893638	0.968385	0.615814	0.974277	-0.085471	0.479295	-0.174684	0.434179	0.457242	0.401299	0.085293	0.186692	0.078598	0.039803	0.062151	-0.040989	0.187328	0.506811	0.563532	0.255382	-0.179269	0.548438	-0.350246	0.095455	-0.072191	-0.151194	0.062823	-0.428464	-0.509684	-0.095990	-0.340596	-0.019105	-0.032182	-0.169844	0.379807	-0.595156	-0.035771	0.055321	0.110171	-0.167461	-0.318977	0.149369	-0.047506	-0.060712	-0.077214	-0.234148	-0.094111	-0.057167	-0.184621	-0.425001	-0.208323
-0.000308	0.647286	0.678495	0.422035	0.622309	0.397676	0.765900	0.406366	0.219740	0.792880	0.852760	0.314598	0.608554	0.314810	0.153826	0.785454	0.277516	0.659739	0.804274	0.901956	0.828013	0.789658	0.800027	0.741714	0.886982	0.805683	0.863880	0.752383	0.873160	0.745775	0.898671	0.880469	0.664564	0.903083	0.877985	0.806663	0.332355	0.795607	0.515583	0.893638	1.000000	0.842954	0.686960	0.850567	0.046617	0.591845	-0.124891	0.437036	0.370661	0.389490	0.029281	0.199975	0.076000	0.006761	0.093687	0.029626	0.111870	0.448621	0.450043	0.145025	-0.176018	0.411787	-0.246477	0.203093	-0.018675	-0.118650	0.086484	-0.337445	-0.411275	-0.056426	-0.236698	0.063352	0.031247	-0.110360	0.411659	-0.547365	0.023370	0.073436	0.148721	-0.065189	-0.264653	0.122935	-0.054393	-0.040387	-0.047133	-0.181173	-0.035042	-0.012803	-0.137570	-0.432955	-0.194773
-0.000011	0.911157	0.887132	0.651784	0.860077	0.682316	0.928666	0.702344	0.525353	0.955401	0.832469	0.611723	0.818584	0.595191	0.451067	0.976655	0.525557	0.725380	0.782152	0.962179	0.763888	0.920370	0.894117	0.831625	0.766643	0.898087	0.964479	0.885537	0.888360	0.944421	0.817160	0.811271	0.889680	0.901815	0.869637	0.882622	0.656788	0.979117	0.765992	0.968385	0.842954	1.000000	0.508017	0.990770	-0.215245	0.350925	-0.260883	0.356003	0.487638	0.379977	0.139863	0.147252	0.078223	0.086884	-0.002880	-0.154538	0.229981	0.465106	0.572836	0.332716	-0.218022	0.609247	-0.460141	-0.029472	-0.172146	-0.213562	0.002967	-0.529416	-0.602905	-0.182800	-0.458627	-0.143989	-0.136318	-0.259422	0.302756	-0.629893	-0.137830	-0.016730	0.009060	-0.298414	-0.394736	0.143863	-0.087608	-0.046801	-0.173622	-0.311543	-0.195269	-0.140663	-0.274180	-0.407364	-0.260485
-0.000105	0.237076	0.290539	0.045924	0.217090	-0.013423	0.405749	-0.016477	-0.179158	0.443391	0.679390	-0.085534	0.221159	-0.073859	-0.226524	0.416531	-0.084175	0.448024	0.658250	0.634358	0.704473	0.453644	0.524146	0.491599	0.829651	0.526998	0.567881	0.432230	0.650486	0.366309	0.794473	0.775541	0.282963	0.698895	0.699551	0.542467	-0.098029	0.429579	0.118858	0.615814	0.686960	0.508017	1.000000	0.522432	0.427177	0.795875	0.057936	0.457538	0.146454	0.340031	-0.122978	0.250618	0.070391	-0.090531	0.215995	0.267323	-0.078609	0.313354	0.189080	-0.136679	-0.109046	0.076697	0.111750	0.502092	0.179966	0.020759	0.193974	-0.012025	-0.064626	0.109810	0.118683	0.337943	0.259228	0.106790	0.491489	-0.384162	0.227014	0.176647	0.309854	0.260399	-0.050785	0.058387	-0.016196	0.001427	0.098554	0.003711	0.188969	0.157622	0.065031	-0.434039	-0.108294
-0.000038	0.907580	0.891226	0.652128	0.860559	0.676858	0.930909	0.696918	0.517862	0.958315	0.841981	0.605533	0.821302	0.591147	0.442233	0.975322	0.521112	0.723740	0.787849	0.967066	0.768460	0.921417	0.892893	0.827406	0.776342	0.896721	0.966907	0.884198	0.891835	0.947419	0.824255	0.822357	0.889824	0.909910	0.875599	0.885906	0.650296	0.978378	0.762483	0.974277	0.850567	0.990770	0.522432	1.000000	-0.202498	0.366111	-0.246676	0.371891	0.489539	0.386557	0.134726	0.157674	0.082129	0.082549	0.009622	-0.138406	0.227711	0.477663	0.579142	0.326412	-0.208463	0.606833	-0.448369	-0.013844	-0.156392	-0.202606	0.015026	-0.517910	-0.595722	-0.168750	-0.444842	-0.125082	-0.119763	-0.245804	0.318219	-0.628152	-0.121953	-0.000711	0.026964	-0.283613	-0.384039	0.149000	-0.077713	-0.048833	-0.157325	-0.299158	-0.178600	-0.125644	-0.259645	-0.409684	-0.248835
-0.000094	-0.444200	-0.389084	-0.511158	-0.443976	-0.583104	-0.297905	-0.594826	-0.659357	-0.277216	0.039889	-0.616718	-0.419325	-0.596868	-0.672998	-0.297289	-0.561711	-0.101954	0.049584	-0.066936	0.137997	-0.247627	-0.155342	-0.127614	0.247022	-0.146686	-0.153413	-0.246711	-0.024988	-0.341663	0.184978	0.164846	-0.403059	0.019386	0.061448	-0.125831	-0.658459	-0.284958	-0.496959	-0.085471	0.046617	-0.215245	0.427177	-0.202498	1.000000	0.573631	0.332720	0.199621	-0.273997	0.048388	-0.297261	0.158592	0.009256	-0.198779	0.271526	0.477504	-0.336592	-0.081229	-0.309728	-0.493167	0.073620	-0.452513	0.637259	0.650829	0.400919	0.243627	0.237311	0.556164	0.575955	0.317019	0.645573	0.569449	0.467817	0.405410	0.301996	0.139813	0.427817	0.240135	0.384598	0.621131	0.335338	-0.077959	0.058536	0.038049	0.289190	0.317590	0.438854	0.334236	0.360839	-0.180674	0.111572
0.000313	0.061007	0.129929	-0.097760	0.053236	-0.175112	0.245878	-0.182961	-0.331286	0.280528	0.577643	-0.240438	0.068788	-0.222458	-0.369436	0.253123	-0.216682	0.344598	0.560631	0.500398	0.627109	0.305921	0.396663	0.386294	0.756600	0.402039	0.414785	0.280308	0.529255	0.202309	0.704885	0.698185	0.122658	0.587033	0.592287	0.412030	-0.266094	0.265831	-0.044564	0.479295	0.591845	0.350925	0.795875	0.366111	0.573631	1.000000	0.135692	0.441516	0.054472	0.305769	-0.174417	0.252338	0.065833	-0.122732	0.256351	0.351418	-0.144966	0.249826	0.082910	-0.236259	-0.070230	-0.050891	0.250651	0.578787	0.255960	0.080031	0.224379	0.132988	0.092820	0.170291	0.263517	0.429466	0.336364	0.198190	0.494663	-0.284246	0.295430	0.204676	0.353801	0.380313	0.038922	0.039101	0.011639	0.012848	0.158982	0.086248	0.270282	0.216888	0.144516	-0.405542	-0.058647
0.000831	-0.355809	-0.205911	-0.177645	-0.253634	-0.339841	-0.246044	-0.352115	-0.354139	-0.246749	-0.104255	-0.334371	-0.190170	-0.260309	-0.322191	-0.284195	-0.187338	-0.271208	-0.078008	-0.171361	-0.103289	-0.245988	-0.282360	-0.336246	-0.064813	-0.276966	-0.211554	-0.250429	-0.184165	-0.237564	-0.107589	-0.044708	-0.299774	-0.111493	-0.146869	-0.219244	-0.376199	-0.278184	-0.304375	-0.174684	-0.124891	-0.260883	0.057936	-0.246676	0.332720	0.135692	1.000000	0.324683	-0.058745	0.058561	0.056144	0.259780	0.193643	0.059864	0.438949	0.587060	0.061414	0.153801	-0.000680	-0.123462	0.639274	-0.231160	0.518201	0.514595	0.710922	0.567503	0.473575	0.648674	0.516645	0.691767	0.665922	0.706197	0.651789	0.598931	0.311505	0.390142	0.643325	0.559309	0.639243	0.694395	0.598860	0.261317	0.552665	0.085025	0.752355	0.657809	0.711650	0.624821	0.743114	0.094921	0.661808
