1.000000	-0.000077	0.000960	-0.000815	-0.000119	-0.000436	-0.000282	0.000214	0.000103	0.000020	0.000453	0.001061	-0.000426	-0.000326	-0.000913	-0.000029	-0.000021	-0.000226	-0.000512	-0.000082	0.000115	0.000277	0.000147	0.000291	-0.000467	-0.000643	-0.000654	0.000841	-0.000228	0.000352	-0.000267	0.000098	0.000330	-0.000593	0.000209	-0.000004	-0.000223	-0.000085	-0.000472	0.000150	-0.000249	-0.000060	-0.000198	0.000243	-0.001163	-0.000111	-0.000120	0.000025	0.000407	0.000412	0.000423	0.000249	-0.000074	-0.001522	0.001154	0.000160	0.000592	-0.000580	0.001305	0.000218	-0.000240	0.000151	0.000271	0.000922	-0.000747	-0.000032	0.000579	0.000049	0.000123	0.001246	0.000368	-0.000131	0.000879	-0.000468	-0.000200	-0.000633	-0.000009	0.000956	0.000280	0.000224	-0.000535	0.000276	0.000336	-0.000842	-0.000052	-0.001055	0.000637	-0.000663	-0.000110	0.000194	-0.000380
-0.000077	1.000000	0.764890	0.300797	0.739632	0.318062	0.796124	0.539786	0.242938	0.822769	0.729100	0.240638	0.553532	0.122162	0.012748	0.802666	0.186900	0.660228	0.748947	0.733632	0.792068	0.823952	0.773553	0.616646	0.564042	0.731634	0.792948	0.816565	0.822776	0.812801	0.618959	0.707466	0.767717	0.765959	0.519411	0.778193	0.597444	0.800716	0.607864	0.747942	0.803897	0.822482	0.654523	0.811227	0.016722	0.495823	0.017961	0.411964	0.163190	0.387258	-0.255449	0.274025	0.050716	-0.186495	0.186438	0.171551	-0.196680	0.157889	0.178186	-0.216869	-0.054125	0.268572	-0.141651	0.513949	0.030657	0.110720	0.251389	-0.128647	-0.294425	0.152883	-0.101127	0.229299	0.355022	0.156629	0.403468	-0.368026	0.303626	0.248007	0.402507	-0.173518	-0.154574	0.007150	-0.025848	0.017694	0.094679	0.168913	0.131849	0.230902	0.069055	-0.216825	0.032619
0.000960	0.764890	1.000000	0.415582	0.733777	0.404226	0.753919	0.580342	0.334960	0.780820	0.660064	0.321009	0.607148	0.224498	0.110961	0.698963	0.277731	0.582546	0.701628	0.630444	0.705969	0.758003	0.667663	0.529946	0.445991	0.639590	0.691394	0.748533	0.732100	0.735481	0.492518	0.605973	0.742517	0.668283	0.400615	0.733437	0.629907	0.707953	0.625977	0.643199	0.706000	0.715012	0.544494	0.697337	-0.072288	0.383446	0.046147	0.423657	0.233253	0.376828	-0.233426	0.285741	0.039123	-0.188508	0.198966	0.170222	-0.134300	0.254909	0.291596	-0.138379	0.019297	0.323601	-0.145440	0.430590	0.048403	0.116336	0.242515	-0.143805	-0.323815	0.180450	-0.116600	0.220463	0.356140	0.156395	0.376101	-0.335925	0.299917	0.292546	0.427338	-0.186542	-0.098291	0.054264	0.026870	-0.060928	0.154867	0.193407	0.154949	0.244903	0.110780	-0.192459	0.087533
-0.000815	0.300797	0.415582	1.000000	0.509554	0.672048	0.424433	0.666442	0.659277	0.379938	0.116274	0.659436	0.632333	0.671802	0.616982	0.147445	0.707471	0.151260	0.378796	-0.021792	0.226986	0.379081	0.172437	0.137756	-0.225871	0.168991	0.126901	0.335949	0.251498	0.152477	-0.123901	-0.013283	0.493030	0.062056	-0.253854	0.219300	0.656440	0.154202	0.610193	0.010475	0.147468	0.141593	-0.082848	0.094454	-0.557826	-0.247974	-0.109051	0.207606	0.484771	0.223602	0.099437	0.345459	0.152804	0.059256	0.190152	-0.147476	0.280001	0.406450	0.601711	0.412705	0.118001	0.617212	-0.443088	-0.160811	-0.198621	0.108350	0.146582	-0.448667	-0.577269	-0.081601	-0.434829	-0.172482	0.087710	-0.017084	0.075346	-0.339040	-0.084922	0.352205	0.164875	-0.486440	-0.175360	0.267375	0.078055	-0.053702	-0.028633	0.031242	-0.044328	0.138787	-0.066581	-0.329332	0.039455
-0.000119	0.739632	0.733777	0.509554	1.000000	0.510370	0.760322	0.670433	0.453093	0.766224	0.583701	0.457348	0.676596	0.360105	0.259268	0.644312	0.430632	0.521062	0.699609	0.523537	0.663841	0.757616	0.612111	0.477480	0.314848	0.575820	0.619958	0.728782	0.695519	0.655617	0.383619	0.521563	0.769968	0.586931	0.262512	0.650788	0.723613	0.647715	0.713625	0.542429	0.638577	0.648715	0.436467	0.618768	-0.203676	0.255481	-0.005375	0.433227	0.326324	0.438080	-0.109484	0.384597	0.132478	-0.073697	0.259730	0.097189	-0.001572	0.310439	0.386023	0.010427	0.050548	0.457763	-0.267249	0.319515	-0.018540	0.155060	0.285166	-0.262934	-0.448212	0.109142	-0.236021	0.128624	0.337781	0.137995	0.367875	-0.416252	0.218806	0.360536	0.412799	-0.317353	-0.135579	0.159478	0.057519	0.001755	0.090318	0.176842	0.120357	0.270770	0.054478	-0.290530	0.070400
-0.000436	0.318062	0.404226	0.672048	0.510370	1.000000	0.436710	0.702246	0.708794	0.402074	0.108416	0.716093	0.620237	0.667266	0.668957	0.147467	0.696886	0.161874	0.393952	-0.030030	0.231580	0.397142	0.190577	0.174482	-0.242034	0.199741	0.119727	0.356811	0.266440	0.148730	-0.131761	-0.025403	0.515214	0.052964	-0.259135	0.233156	0.697703	0.152676	0.655666	-0.008391	0.151578	0.145068	-0.097042	0.094863	-0.591382	-0.271728	-0.178178	0.124274	0.442827	0.207317	0.112837	0.330804	0.136050	0.070860	0.150789	-0.224283	0.273512	0.315774	0.542609	0.393527	0.043119	0.603289	-0.521421	-0.201519	-0.293741	0.068755	0.109194	-0.530181	-0.643463	-0.149112	-0.516142	-0.248903	0.027502	-0.086657	0.017124	-0.396996	-0.158587	0.290269	0.104803	-0.562568	-0.245466	0.227133	0.001136	-0.004867	-0.135047	-0.040277	-0.133175	0.069578	-0.159584	-0.382784	-0.042924
-0.000282	0.796124	0.753919	0.424433	0.760322	0.436710	1.000000	0.628398	0.379579	0.803111	0.650249	0.370594	0.631195	0.257301	0.160168	0.719126	0.317522	0.593071	0.720296	0.613175	0.734477	0.792532	0.686386	0.544396	0.411262	0.659768	0.704683	0.781562	0.760880	0.728673	0.485361	0.606651	0.793012	0.667810	0.376336	0.715158	0.690380	0.714103	0.677585	0.638675	0.719574	0.737137	0.530756	0.711197	-0.118468	0.355537	-0.005980	0.397214	0.243407	0.391914	-0.189133	0.321511	0.087830	-0.140705	0.213821	0.121412	-0.103482	0.222998	0.282383	-0.100541	-0.007204	0.366395	-0.233004	0.401662	-0.023543	0.119532	0.256433	-0.218903	-0.394327	0.124700	-0.182821	0.158763	0.335445	0.129305	0.372562	-0.400232	0.253841	0.299697	0.405896	-0.268190	-0.159151	0.071334	0.000374	-0.006175	0.085924	0.155996	0.108167	0.237488	0.049211	-0.263422	0.052539
0.000214	0.539786	0.580342	0.666442	0.670433	0.702246	0.628398	1.000000	0.678383	0.602230	0.331052	0.668318	0.705903	0.584731	0.537124	0.361719	0.625275	0.356207	0.578098	0.198074	0.452060	0.608956	0.401409	0.344999	-0.034514	0.395498	0.356627	0.567850	0.481878	0.386450	0.077322	0.200236	0.700806	0.280910	-0.055807	0.447917	0.794745	0.373243	0.761050	0.232109	0.380763	0.381652	0.120066	0.330548	-0.494114	-0.077654	-0.157388	0.218701	0.400765	0.273029	-0.019115	0.344004	0.110389	-0.023946	0.161080	-0.138964	0.131068	0.286860	0.484251	0.217630	-0.000960	0.571326	-0.490411	-0.003204	-0.250579	0.062097	0.146680	-0.495455	-0.632711	-0.081879	-0.464753	-0.144612	0.125976	-0.047036	0.122629	-0.449914	-0.029694	0.310353	0.207848	-0.532704	-0.266727	0.159367	-0.022832	-0.012721	-0.091072	0.005277	-0.081723	0.113138	-0.127156	-0.385287	-0.029708
0.000103	0.242938	0.334960	0.659277	0.453093	0.708794	0.379579	0.678383	1.000000	0.332763	0.040940	0.714048	0.587292	0.679293	0.682123	0.061009	0.695888	0.111966	0.336691	-0.108254	0.166215	0.333722	0.122513	0.125003	-0.315875	0.129729	0.045913	0.293478	0.190175	0.073961	-0.202489	-0.099673	0.463736	-0.024473	-0.325232	0.167362	0.666601	0.073650	0.626738	-0.080048	0.075349	0.067867	-0.176959	0.012340	-0.633897	-0.342498	-0.218233	0.057283	0.434477	0.156311	0.139713	0.301330	0.130908	0.096688	0.116486	-0.272177	0.296334	0.295782	0.530062	0.428899	0.020460	0.593363	-0.544618	-0.277873	-0.343607	0.033292	0.065815	-0.566447	-0.664551	-0.202664	-0.555071	-0.321380	-0.033687	-0.138673	-0.053792	-0.397025	-0.220853	0.266170	0.038492	-0.593808	-0.266792	0.211034	-0.025342	-0.003677	-0.182178	-0.084876	-0.188185	0.028119	-0.211832	-0.393671	-0.070093
0.000020	0.822769	0.780820	0.379938	0.766224	0.402074	0.803111	0.602230	0.332763	1.000000	0.681381	0.320731	0.610493	0.209179	0.100567	0.759387	0.270882	0.615357	0.739244	0.671348	0.763763	0.815341	0.722659	0.566817	0.475520	0.690868	0.748274	0.801634	0.794955	0.771527	0.540571	0.652879	0.791859	0.712827	0.433867	0.748530	0.659931	0.758928	0.660618	0.687726	0.756760	0.774178	0.591568	0.757007	-0.066257	0.414766	0.020046	0.418718	0.218694	0.397879	-0.219402	0.316076	0.074430	-0.163622	0.214752	0.148115	-0.141919	0.202956	0.252617	-0.150229	-0.013139	0.329315	-0.192397	0.455931	0.006244	0.128067	0.262728	-0.180956	-0.359598	0.149167	-0.143703	0.208439	0.363567	0.152979	0.400130	-0.385034	0.288477	0.294125	0.426913	-0.226591	-0.141911	0.051855	0.007458	-0.002203	0.106859	0.174631	0.136266	0.252042	0.076459	-0.242158	0.065308
0.000453	0.729100	0.660064	0.116274	0.583701	0.108416	0.650249	0.331052	0.040940	0.681381	1.000000	0.028023	0.408632	-0.067580	-0.177208	0.743344	-0.005906	0.656154	0.618135	0.765395	0.705287	0.678763	0.706686	0.562504	0.672006	0.664429	0.750912	0.689037	0.717199	0.778218	0.670785	0.724046	0.596156	0.748827	0.645511	0.709845	0.388866	0.749361	0.402993	0.769328	0.745693	0.766065	0.691059	0.773095	0.220915	0.597057	0.057906	0.400629	0.002318	0.321418	-0.340988	0.140835	-0.048824	-0.269162	0.130833	0.253871	-0.309564	0.100286	0.014400	-0.364426	-0.063486	0.098857	0.064488	0.602039	0.157838	0.076407	0.184495	0.064002	-0.080701	0.223566	0.093028	0.341480	0.355000	0.188804	0.388630	-0.223602	0.387136	0.158522	0.391865	0.040541	-0.048484	-0.092162	-0.029631	-0.042943	0.176316	0.196850	0.186678	0.198717	0.137684	-0.067042	0.070459
0.001061	0.240638	0.321009	0.659436	0.457348	0.716093	0.370594	0.668318	0.714048	0.320731	0.028023	1.000000	0.578882	0.684458	0.655475	0.073155	0.692613	0.090592	0.317907	-0.104444	0.165375	0.315109	0.117146	0.101874	-0.307350	0.117649	0.044952	0.283407	0.183512	0.067232	-0.195290	-0.095867	0.444284	-0.021334	-0.324740	0.147968	0.645378	0.072812	0.603998	-0.076754	0.075128	0.067448	-0.170200	0.016786	-0.611489	-0.328070	-0.183127	0.103175	0.465034	0.200621	0.175513	0.336013	0.172574	0.138947	0.154096	-0.240673	0.322714	0.331451	0.558722	0.451628	0.059153	0.607628	-0.526083	-0.264175	-0.300777	0.073510	0.119044	-0.540912	-0.635719	-0.175021	-0.528366	-0.287744	-0.005387	-0.090432	-0.012142	-0.392084	-0.205360	0.301136	0.068896	-0.573986	-0.235470	0.261101	0.022970	0.016813	-0.164152	-0.049127	-0.146289	0.066810	-0.171546	-0.390581	-0.054014
-0.000426	0.553532	0.607148	0.632333	0.676596	0.620237	0.631195	0.705903	0.587292	0.610493	0.408632	0.578882	1.000000	0.532922	0.466932	0.420596	0.579197	0.407634	0.567618	0.264918	0.471585	0.601222	0.430951	0.332660	0.051742	0.412577	0.400372	0.568743	0.501021	0.437257	0.145965	0.267996	0.675307	0.342996	0.020750	0.467474	0.731770	0.424485	0.701013	0.300716	0.418018	0.419781	0.188821	0.376564	-0.391761	0.013252	-0.059122	0.331197	0.393811	0.327155	-0.058094	0.356710	0.106239	-0.059124	0.215482	-0.000129	0.107499	0.371062	0.505755	0.175648	0.088497	0.545024	-0.366768	0.092368	-0.098563	0.121031	0.201765	-0.356563	-0.520732	0.036385	-0.330892	-0.003132	0.220394	0.061710	0.224858	-0.363534	0.087984	0.361350	0.306679	-0.391259	-0.157873	0.183235	0.068199	-0.065030	0.054370	0.112377	0.041639	0.198398	-0.000169	-0.297355	0.068753
-0.000326	0.122162	0.224498	0.671802	0.360105	0.667266	0.257301	0.584731	0.679293	0.209179	-0.067580	0.684458	0.532922	1.000000	0.716007	-0.022544	0.712825	-0.004372	0.226204	-0.203066	0.054347	0.209604	0.004800	0.015686	-0.384685	0.016273	-0.061861	0.172083	0.076800	-0.040338	-0.280228	-0.189969	0.343443	-0.124071	-0.404556	0.042469	0.566578	-0.018307	0.511391	-0.183992	-0.032384	-0.042170	-0.252700	-0.093192	-0.617676	-0.386371	-0.138473	0.084717	0.498802	0.155872	0.211213	0.321216	0.179293	0.146310	0.170349	-0.212501	0.385858	0.390286	0.609739	0.549433	0.138348	0.612400	-0.480962	-0.321942	-0.258167	0.088545	0.111099	-0.489479	-0.582047	-0.141416	-0.481017	-0.272467	-0.013713	-0.071547	-0.028656	-0.305482	-0.199178	0.311783	0.050348	-0.520935	-0.172534	0.308821	0.075504	-0.022787	-0.101109	-0.027149	-0.109089	0.081551	-0.117904	-0.335701	0.000279
-0.000913	0.012748	0.110961	0.616982	0.259268	0.668957	0.160168	0.537124	0.682123	0.100567	-0.177208	0.655475	0.466932	0.716007	1.000000	-0.143937	0.700954	-0.091862	0.139910	-0.316542	-0.053351	0.106237	-0.094396	-0.053250	-0.483500	-0.078015	-0.173632	0.069721	-0.029825	-0.154151	-0.386802	-0.302797	0.252760	-0.237635	-0.497266	-0.063989	0.500879	-0.143415	0.458245	-0.299549	-0.143792	-0.156170	-0.358899	-0.205825	-0.669376	-0.489810	-0.205316	-0.021591	0.439402	0.088555	0.259608	0.265521	0.162666	0.184942	0.109488	-0.298892	0.423074	0.306511	0.566884	0.575072	0.092406	0.572987	-0.521127	-0.426999	-0.327155	0.044922	0.039421	-0.535076	-0.597318	-0.235363	-0.534122	-0.366019	-0.107999	-0.148598	-0.131530	-0.303686	-0.287620	0.245014	-0.055762	-0.561454	-0.209694	0.283702	0.037091	-0.009118	-0.181705	-0.100322	-0.193296	0.006801	-0.193660	-0.347192	-0.057024
-0.000029	0.802666	0.698963	0.147445	0.644312	0.147467	0.719126	0.361719	0.061009	0.759387	0.743344	0.073155	0.420596	-0.022544	-0.143937	1.000000	0.031080	0.645741	0.671475	0.810630	0.789634	0.748074	0.769924	0.601756	0.691533	0.725858	0.821508	0.763983	0.802334	0.826975	0.715043	0.789218	0.666516	0.815965	0.646379	0.752544	0.428074	0.829074	0.454807	0.822124	0.814761	0.844384	0.757921	0.847256	0.213268	0.645607	0.117616	0.470611	0.104492	0.420560	-0.247624	0.259668	0.078106	-0.165576	0.222835	0.306785	-0.228185	0.136994	0.090650	-0.296884	-0.009959	0.151384	0.022144	0.629993	0.166868	0.160551	0.300635	0.033974	-0.128182	0.249719	0.068855	0.370972	0.428032	0.252269	0.497743	-0.292916	0.405654	0.235453	0.461071	-0.009069	-0.034892	0.020457	0.033077	0.037587	0.190569	0.243775	0.241835	0.295806	0.170828	-0.131158	0.093775
-0.000021	0.186900	0.277731	0.707471	0.430632	0.696886	0.317522	0.625275	0.695888	0.270882	-0.005906	0.692613	0.579197	0.712825	0.700954	0.031080	1.000000	0.038553	0.279937	-0.148180	0.114277	0.271388	0.054931	0.054658	-0.340993	0.067072	-0.001440	0.231697	0.137495	0.022605	-0.236849	-0.135452	0.400907	-0.067371	-0.362606	0.099338	0.611954	0.041723	0.558021	-0.121071	0.027223	0.019143	-0.201871	-0.033780	-0.603889	-0.346878	-0.141665	0.154080	0.521621	0.247765	0.215538	0.385659	0.228701	0.175554	0.219727	-0.184792	0.399676	0.415093	0.636796	0.505730	0.153798	0.636457	-0.440900	-0.275543	-0.222615	0.139519	0.157726	-0.474592	-0.585752	-0.118999	-0.475996	-0.234662	0.033927	-0.021114	0.038966	-0.352443	-0.165471	0.359856	0.098311	-0.520595	-0.153914	0.339103	0.107514	0.009089	-0.077454	0.017888	-0.070192	0.143063	-0.082543	-0.351154	0.023693
-0.000226	0.660228	0.582546	0.151260	0.521062	0.161874	0.593071	0.356207	0.111966	0.615357	0.656154	0.090592	0.407634	-0.004372	-0.091862	0.645741	0.038553	1.000000	0.590257	0.637666	0.629239	0.613229	0.688173	0.612045	0.555295	0.628672	0.655519	0.628033	0.647743	0.673878	0.578729	0.603294	0.562151	0.636077	0.535111	0.671817	0.400314	0.641483	0.420703	0.649164	0.637073	0.668457	0.571982	0.664104	0.121153	0.483953	-0.051470	0.260068	-0.029543	0.207422	-0.365883	0.046362	-0.131910	-0.312462	0.005605	0.121307	-0.322821	0.034647	-0.002249	-0.322724	-0.146166	0.103793	-0.023935	0.473536	0.029077	-0.014868	0.051107	-0.031794	-0.133649	0.108815	-0.008958	0.172163	0.199139	0.061911	0.243474	-0.220234	0.238325	0.065854	0.220803	-0.009517	-0.134248	-0.177604	-0.132289	-0.038148	0.044482	0.051372	0.030230	0.042652	-0.002700	-0.100163	-0.033845
-0.000512	0.748947	0.701628	0.378796	0.699609	0.393952	0.720296	0.578098	0.336691	0.739244	0.618135	0.317907	0.567618	0.226204	0.139910	0.671475	0.279937	0.590257	1.000000	0.591945	0.686657	0.738811	0.663666	0.571955	0.419372	0.640108	0.670218	0.743106	0.715471	0.688259	0.472318	0.572545	0.723477	0.632374	0.366597	0.688102	0.619016	0.672505	0.617105	0.606121	0.670501	0.687080	0.518333	0.674503	-0.091859	0.356951	-0.016755	0.346086	0.177490	0.336763	-0.234731	0.234841	0.011878	-0.189379	0.154315	0.095780	-0.145817	0.156095	0.230089	-0.124324	-0.052437	0.313362	-0.210214	0.392330	-0.017165	0.073596	0.188589	-0.186979	-0.353884	0.098623	-0.163357	0.146946	0.279698	0.094729	0.324155	-0.365612	0.234159	0.224875	0.345257	-0.232245	-0.161130	0.005570	-0.037950	-0.031307	0.071597	0.112074	0.070723	0.167879	0.031036	-0.210170	0.022883
-0.000082	0.733632	0.630444	-0.021792	0.523537	-0.030030	0.613175	0.198074	-0.108254	0.671348	0.765395	-0.104444	0.264918	-0.203066	-0.316542	0.810630	-0.148180	0.637666	0.591945	1.000000	0.729434	0.656249	0.733943	0.589840	0.800177	0.692278	0.804625	0.679530	0.747561	0.818721	0.785472	0.824836	0.531731	0.832118	0.755648	0.737424	0.259078	0.804733	0.289796	0.852956	0.801819	0.825855	0.807351	0.845658	0.380234	0.745496	0.145923	0.433397	-0.031598	0.348417	-0.318417	0.150788	0.003292	-0.226876	0.165917	0.350382	-0.333716	0.044692	-0.060306	-0.432360	-0.045199	-0.008793	0.162436	0.707364	0.250644	0.121634	0.249523	0.173680	0.028542	0.285893	0.194671	0.441398	0.418919	0.257887	0.476737	-0.191963	0.455821	0.143987	0.429516	0.143829	0.018195	-0.074196	0.012228	0.019604	0.214993	0.249509	0.259831	0.253497	0.202267	-0.023408	0.090116
0.000115	0.792068	0.705969	0.226986	0.663841	0.231580	0.734477	0.452060	0.166215	0.763763	0.705287	0.165375	0.471585	0.054347	-0.053351	0.789634	0.114277	0.629239	0.686657	0.729434	1.000000	0.755927	0.754337	0.580493	0.594223	0.688404	0.769782	0.778477	0.781127	0.781022	0.626468	0.708927	0.696769	0.750795	0.571798	0.734779	0.504815	0.778235	0.520595	0.748389	0.778363	0.799352	0.680875	0.790288	0.116151	0.544984	0.058641	0.422651	0.130431	0.387938	-0.250286	0.261275	0.062215	-0.177123	0.193634	0.219702	-0.203757	0.139512	0.130562	-0.251798	-0.035734	0.201608	-0.065673	0.548284	0.084465	0.131448	0.268375	-0.052885	-0.216180	0.192659	-0.028446	0.284424	0.376635	0.196990	0.431540	-0.336028	0.348585	0.238867	0.421322	-0.096580	-0.091519	0.008087	-0.003564	0.021171	0.131354	0.199227	0.178142	0.254961	0.105177	-0.179630	0.057754
0.000277	0.823952	0.758003	0.379081	0.757616	0.397142	0.792532	0.608956	0.333722	0.815341	0.678763	0.315109	0.601222	0.209604	0.106237	0.748074	0.271388	0.613229	0.738811	0.656249	0.755927	1.000000	0.722770	0.571435	0.474259	0.684671	0.752198	0.800477	0.785807	0.762894	0.535049	0.637864	0.788081	0.705294	0.428121	0.737109	0.651189	0.749893	0.641742	0.679671	0.751184	0.769943	0.580649	0.744260	-0.074889	0.412933	0.007245	0.411970	0.217432	0.395918	-0.206782	0.313700	0.079235	-0.153411	0.205676	0.144919	-0.137195	0.190493	0.247231	-0.138597	-0.027725	0.328424	-0.198850	0.445604	-0.002368	0.119304	0.263124	-0.192187	-0.362946	0.130775	-0.154229	0.192420	0.345270	0.144903	0.388564	-0.395742	0.270679	0.282978	0.408149	-0.242324	-0.152392	0.054576	-0.001804	0.018127	0.087801	0.169494	0.121823	0.243244	0.053382	-0.252595	0.041900
0.000147	0.773553	0.667663	0.172437	0.612111	0.190577	0.686386	0.401409	0.122513	0.722659	0.706686	0.117146	0.430951	0.004800	-0.094396	0.769924	0.054931	0.688173	0.663666	0.733943	0.754337	0.722770	1.000000	0.607431	0.615834	0.701164	0.753326	0.736499	0.760949	0.766244	0.658462	0.704166	0.657167	0.751165	0.588070	0.736998	0.455807	0.750638	0.476683	0.747663	0.756835	0.777936	0.680778	0.773263	0.144226	0.573982	0.024233	0.347093	0.056867	0.315555	-0.305916	0.165646	-0.016823	-0.233067	0.111869	0.189335	-0.276585	0.072775	0.055188	-0.302508	-0.101241	0.140852	-0.047407	0.532328	0.063455	0.058868	0.188073	-0.024898	-0.163253	0.146209	-0.003364	0.242452	0.298851	0.135725	0.352326	-0.297403	0.301273	0.151575	0.332326	-0.044714	-0.133719	-0.080826	-0.068985	0.010931	0.083902	0.131406	0.111686	0.157527	0.060607	-0.148255	0.011700
0.000291	0.616646	0.529946	0.137756	0.477480	0.174482	0.544396	0.344999	0.125003	0.566817	0.562504	0.101874	0.332660	0.015686	-0.053250	0.601756	0.054658	0.612045	0.571955	0.589840	0.580493	0.571435	0.607431	1.000000	0.490164	0.574484	0.583585	0.595747	0.619270	0.600326	0.507050	0.548228	0.529352	0.579235	0.476999	0.616371	0.376867	0.607038	0.384412	0.576801	0.582456	0.617400	0.519954	0.611317	0.105683	0.444204	-0.074776	0.206634	0.012098	0.197807	-0.277130	0.065241	-0.077819	-0.222284	0.009802	0.079043	-0.247882	0.009337	0.008426	-0.249770	-0.176149	0.112760	-0.066140	0.389160	-0.022262	-0.029790	0.062636	-0.075116	-0.155874	0.042756	-0.063774	0.105993	0.127794	0.033153	0.190992	-0.256918	0.153223	0.023969	0.151420	-0.080474	-0.182547	-0.123904	-0.145159	0.014559	-0.032776	0.004899	-0.014798	0.023290	-0.051545	-0.145083	-0.095069
-0.000467	0.564042	0.445991	-0.225871	0.314848	-0.242034	0.411262	-0.034514	-0.315875	0.475520	0.672006	-0.307350	0.051742	-0.384685	-0.483500	0.691533	-0.340993	0.555295	0.419372	0.800177	0.594223	0.474259	0.615834	0.490164	1.000000	0.575118	0.695218	0.500933	0.587183	0.699614	0.789328	0.765291	0.321046	0.745666	0.808612	0.588895	0.029107	0.687252	0.070060	0.787463	0.685168	0.703787	0.805788	0.742084	0.578144	0.808210	0.193970	0.375862	-0.154062	0.280546	-0.321787	0.055570	-0.021163	-0.218289	0.120271	0.409502	-0.383741	-0.046952	-0.216129	-0.513685	-0.053554	-0.182011	0.328419	0.734529	0.324495	0.110378	0.211922	0.338581	0.239907	0.313522	0.359578	0.500149	0.386817	0.281425	0.454345	-0.069314	0.472623	0.051203	0.371114	0.323469	0.100403	-0.123387	0.011310	0.042326	0.239593	0.253248	0.296882	0.225166	0.238780	0.084244	0.095390
-0.000643	0.731634	0.639590	0.168991	0.575820	0.199741	0.659768	0.395498	0.129729	0.690868	0.664429	0.117649	0.412577	0.016273	-0.078015	0.725858	0.067072	0.628672	0.640108	0.692278	0.688404	0.684671	0.701164	0.574484	0.575118	1.000000	0.707410	0.702433	0.728951	0.721743	0.597409	0.661147	0.629239	0.701574	0.548879	0.713643	0.445916	0.722364	0.457837	0.693329	0.707272	0.735602	0.629240	0.727007	0.126786	0.535603	-0.001542	0.301315	0.041838	0.279555	-0.304771	0.136193	-0.037446	-0.240500	0.073107	0.161387	-0.276171	0.041176	0.050101	-0.296586	-0.122055	0.138361	-0.068557	0.495173	0.038741	0.029657	0.140908	-0.040127	-0.161127	0.128194	-0.018932	0.222139	0.266392	0.099507	0.305789	-0.285277	0.256741	0.119296	0.298279	-0.051203	-0.141289	-0.088134	-0.082921	-0.001582	0.063730	0.095298	0.080413	0.125617	0.029873	-0.136820	-0.013205
-0.000654	0.792948	0.691394	0.126901	0.619958	0.119727	0.704683	0.356627	0.045913	0.748274	0.750912	0.044952	0.400372	-0.061861	-0.173632	0.821508	-0.001440	0.655519	0.670218	0.804625	0.769782	0.752198	0.753326	0.583585	0.695218	0.707410	1.000000	0.740483	0.779276	0.830123	0.710575	0.786272	0.654085	0.811057	0.657068	0.763080	0.410260	0.813277	0.433242	0.824703	0.809099	0.831726	0.763453	0.835967	0.229980	0.651807	0.108377	0.426233	0.047952	0.363037	-0.305041	0.198944	0.013205	-0.222650	0.173234	0.281756	-0.286928	0.086279	0.041572	-0.345110	-0.043061	0.099765	0.030027	0.642223	0.152891	0.114625	0.253599	0.046050	-0.099113	0.243535	0.086998	0.357444	0.398588	0.215103	0.451467	-0.263114	0.406889	0.191994	0.432342	0.008478	-0.051447	-0.040803	-0.005533	0.004153	0.181386	0.218722	0.214479	0.246347	0.158240	-0.102975	0.079095
0.000841	0.816565	0.748533	0.335949	0.728782	0.356811	0.781562	0.567850	0.293478	0.801634	0.689037	0.283407	0.568743	0.172083	0.069721	0.763983	0.231697	0.628033	0.743106	0.679530	0.778477	0.800477	0.736499	0.595747	0.500933	0.702433	0.740483	1.000000	0.785521	0.766867	0.556267	0.661631	0.766170	0.721824	0.468608	0.736440	0.616442	0.756346	0.624152	0.698547	0.755652	0.776010	0.605127	0.757533	-0.017160	0.452584	0.001756	0.394562	0.177807	0.369919	-0.241253	0.270127	0.045228	-0.184319	0.177986	0.140466	-0.171279	0.160179	0.206765	-0.183535	-0.048538	0.289355	-0.174767	0.472048	0.006381	0.097585	0.232413	-0.163464	-0.327966	0.138502	-0.129600	0.198994	0.330794	0.135408	0.376728	-0.377622	0.282517	0.249194	0.388636	-0.207970	-0.154394	0.013062	-0.024474	0.001973	0.081526	0.150440	0.109996	0.218886	0.051550	-0.224482	0.032110
-0.000228	0.822776	0.732100	0.251498	0.695519	0.266440	0.760880	0.481878	0.190175	0.794955	0.717199	0.183512	0.501021	0.076800	-0.029825	0.802334	0.137495	0.647743	0.715471	0.747561	0.781127	0.785807	0.760949	0.619270	0.587183	0.728951	0.779276	0.785521	1.000000	0.799233	0.630416	0.717961	0.729583	0.778973	0.559903	0.751948	0.537441	0.803183	0.554111	0.761280	0.794823	0.814759	0.673698	0.810442	0.075455	0.527217	0.040223	0.421088	0.139015	0.388461	-0.251793	0.266728	0.057178	-0.183484	0.193154	0.210031	-0.206878	0.139260	0.145762	-0.241841	-0.040879	0.220492	-0.093948	0.537963	0.065467	0.122341	0.259507	-0.084706	-0.244650	0.175920	-0.051673	0.270068	0.369522	0.185727	0.421760	-0.349756	0.327834	0.243229	0.409701	-0.126477	-0.112503	0.011536	-0.013552	0.026698	0.107783	0.187869	0.155899	0.245162	0.092237	-0.190878	0.048450
0.000352	0.812801	0.735481	0.152477	0.655617	0.148730	0.728673	0.386450	0.073961	0.771527	0.778218	0.067232	0.437257	-0.040338	-0.154151	0.826975	0.022605	0.673878	0.688259	0.818721	0.781022	0.762894	0.766244	0.600326	0.699614	0.721743	0.830123	0.766867	0.799233	1.000000	0.700617	0.786468	0.671202	0.819287	0.652793	0.777328	0.441544	0.823889	0.469596	0.827904	0.822922	0.842723	0.751823	0.850487	0.194657	0.632205	0.114067	0.444255	0.054922	0.363969	-0.311046	0.209227	0.007508	-0.239475	0.182383	0.286426	-0.287500	0.119980	0.065481	-0.342437	-0.018845	0.121850	0.029151	0.642588	0.170079	0.115612	0.253435	0.040790	-0.127672	0.266864	0.071564	0.373483	0.417234	0.222801	0.457473	-0.246143	0.420364	0.210489	0.461047	0.010693	-0.022170	-0.029127	0.014635	-0.022838	0.213650	0.239925	0.228359	0.253809	0.174858	-0.092074	0.099182
-0.000267	0.618959	0.492518	-0.123901	0.383619	-0.131761	0.485361	0.077322	-0.202489	0.540571	0.670785	-0.195290	0.145965	-0.280228	-0.386802	0.715043	-0.236849	0.578729	0.472318	0.785472	0.626468	0.535049	0.658462	0.507050	0.789328	0.597409	0.710575	0.556267	0.630416	0.700617	1.000000	0.724074	0.398987	0.728122	0.740037	0.610642	0.144117	0.707491	0.188381	0.781761	0.711050	0.727121	0.759946	0.754950	0.460839	0.726204	0.141173	0.362890	-0.099080	0.288988	-0.312852	0.083517	-0.023511	-0.224704	0.108581	0.343111	-0.355806	-0.025096	-0.146719	-0.459141	-0.070043	-0.094245	0.231226	0.681294	0.249757	0.087977	0.208634	0.228484	0.142978	0.255919	0.261983	0.415033	0.350052	0.244330	0.417210	-0.127731	0.409161	0.063434	0.340669	0.227022	0.024564	-0.112637	-0.020688	0.043515	0.181969	0.209713	0.233584	0.197788	0.179864	0.017811	0.063999
0.000098	0.707466	0.605973	-0.013283	0.521563	-0.025403	0.606651	0.200236	-0.099673	0.652879	0.724046	-0.095867	0.267996	-0.189969	-0.302797	0.789218	-0.135452	0.603294	0.572545	0.824836	0.708927	0.637864	0.704166	0.548228	0.765291	0.661147	0.786272	0.661631	0.717961	0.786468	0.724074	1.000000	0.521201	0.798452	0.714216	0.700175	0.255887	0.782861	0.290268	0.826244	0.774066	0.796357	0.784667	0.815482	0.371286	0.722141	0.172132	0.434458	-0.028079	0.341369	-0.306277	0.156347	0.009616	-0.216026	0.171110	0.361313	-0.322200	0.047723	-0.051340	-0.413243	-0.019506	-0.009149	0.157274	0.701351	0.250776	0.132096	0.258874	0.185589	0.039714	0.307743	0.214420	0.454467	0.427798	0.264968	0.484543	-0.179030	0.467146	0.154321	0.446839	0.150988	0.034812	-0.059222	0.036488	0.001608	0.243566	0.262194	0.283407	0.267980	0.228935	-0.014726	0.122947
0.000330	0.767717	0.742517	0.493030	0.769968	0.515214	0.793012	0.700806	0.463736	0.791859	0.596156	0.444284	0.675307	0.343443	0.252760	0.666516	0.400907	0.562151	0.723477	0.531731	0.696769	0.788081	0.657167	0.529352	0.321046	0.629239	0.654085	0.766170	0.729583	0.671202	0.398987	0.521201	1.000000	0.598676	0.287168	0.680510	0.738989	0.669546	0.727651	0.559829	0.665235	0.672601	0.454028	0.642958	-0.218767	0.274979	-0.044795	0.360293	0.272809	0.371593	-0.165885	0.334245	0.087247	-0.132295	0.197659	0.060071	-0.062656	0.232202	0.336821	-0.034808	-0.018920	0.417229	-0.308185	0.319928	-0.085496	0.105141	0.240071	-0.293553	-0.466944	0.071005	-0.263987	0.091526	0.296593	0.088401	0.317652	-0.423811	0.191692	0.309425	0.368602	-0.350317	-0.199956	0.082861	-0.010799	-0.004505	0.031004	0.124345	0.058093	0.211206	0.002755	-0.302894	0.032031
-0.000593	0.765959	0.668283	0.062056	0.586931	0.052964	0.667810	0.280910	-0.024473	0.712827	0.748827	-0.021334	0.342996	-0.124071	-0.237635	0.815965	-0.067371	0.636077	0.632374	0.832118	0.750795	0.705294	0.751165	0.579235	0.745666	0.701574	0.811057	0.721824	0.778973	0.819287	0.728122	0.798452	0.598676	1.000000	0.691757	0.746910	0.338147	0.813318	0.373671	0.839767	0.811197	0.825780	0.779012	0.840814	0.293727	0.706096	0.147070	0.442055	0.013863	0.359666	-0.306778	0.188761	0.015885	-0.223241	0.183353	0.328335	-0.303982	0.079181	0.000568	-0.384948	-0.023202	0.050028	0.095377	0.678797	0.208721	0.131604	0.265028	0.116636	-0.038424	0.284221	0.145130	0.414143	0.432314	0.253092	0.481202	-0.225634	0.448960	0.181418	0.456208	0.076230	-0.008253	-0.043277	0.021656	0.006622	0.217202	0.252415	0.256677	0.268311	0.196686	-0.056740	0.105183
0.000209	0.519411	0.400615	-0.253854	0.262512	-0.259135	0.376336	-0.055807	-0.325232	0.433867	0.645511	-0.324740	0.020750	-0.404556	-0.497266	0.646379	-0.362606	0.535111	0.366597	0.755648	0.571798	0.428121	0.588070	0.476999	0.808612	0.548879	0.657068	0.468608	0.559903	0.652793	0.740037	0.714216	0.287168	0.691757	1.000000	0.558491	-0.004109	0.641746	0.039809	0.747358	0.644624	0.662688	0.755175	0.693966	0.575893	0.765173	0.173233	0.291269	-0.208731	0.193855	-0.361541	-0.034248	-0.095809	-0.267804	0.034443	0.362694	-0.429183	-0.100693	-0.270087	-0.545921	-0.106070	-0.222013	0.336778	0.698280	0.301244	0.041483	0.131435	0.357872	0.272954	0.286248	0.373890	0.462259	0.313440	0.210560	0.368051	-0.011565	0.438624	-0.025501	0.297148	0.349070	0.082722	-0.185157	-0.026385	-0.000404	0.217764	0.193733	0.237198	0.140782	0.197038	0.123524	0.069350
-0.000004	0.778193	0.733437	0.219300	0.650788	0.233156	0.715158	0.447917	0.167362	0.748530	0.709845	0.147968	0.467474	0.042469	-0.063989	0.752544	0.099338	0.671817	0.688102	0.737424	0.734779	0.737109	0.736998	0.616371	0.588895	0.713643	0.763080	0.736440	0.751948	0.777328	0.610642	0.700175	0.680510	0.746910	0.558491	1.000000	0.492861	0.761869	0.505828	0.742535	0.756867	0.774066	0.650954	0.769981	0.097663	0.533974	0.020532	0.346235	0.068972	0.309150	-0.330520	0.166049	-0.040493	-0.259091	0.115499	0.173513	-0.275519	0.093562	0.085880	-0.300371	-0.086981	0.165714	-0.058373	0.526077	0.065399	0.041928	0.166627	-0.053316	-0.192298	0.167097	-0.022836	0.255446	0.316156	0.132026	0.344932	-0.297867	0.317989	0.160681	0.354962	-0.066380	-0.100709	-0.084487	-0.060866	-0.023327	0.107178	0.131974	0.117729	0.163170	0.067863	-0.138124	0.026776
-0.000223	0.597444	0.629907	0.656440	0.723613	0.697703	0.690380	0.794745	0.666601	0.659931	0.388866	0.645378	0.731770	0.566578	0.500879	0.428074	0.611954	0.400314	0.619016	0.259078	0.504815	0.651189	0.455807	0.376867	0.029107	0.445916	0.410260	0.616442	0.537441	0.441544	0.144117	0.255887	0.738989	0.338147	-0.004109	0.492861	1.000000	0.432181	0.784269	0.281738	0.442367	0.437591	0.177167	0.389970	-0.454976	-0.026504	-0.135582	0.262949	0.403665	0.318529	-0.039570	0.367311	0.121355	-0.032177	0.183385	-0.102532	0.115300	0.304644	0.487643	0.193983	0.008762	0.577777	-0.463984	0.052205	-0.218914	0.086869	0.180094	-0.465328	-0.616574	-0.054871	-0.437797	-0.102136	0.169446	-0.004973	0.169743	-0.454742	0.012604	0.336641	0.248488	-0.508055	-0.254450	0.167300	-0.011148	0.000177	-0.060669	0.043086	-0.049300	0.150539	-0.094915	-0.379859	-0.015429
-0.000085	0.800716	0.707953	0.154202	0.647715	0.152676	0.714103	0.373243	0.073650	0.758928	0.749361	0.072812	0.424485	-0.018307	-0.143415	0.829074	0.041723	0.641483	0.672505	0.804733	0.778235	0.749893	0.750638	0.607038	0.687252	0.722364	0.813277	0.756346	0.803183	0.823889	0.707491	0.782861	0.669546	0.813318	0.641746	0.761869	0.432181	1.000000	0.451718	0.818988	0.813086	0.834220	0.744694	0.839362	0.197082	0.636383	0.106678	0.466718	0.103579	0.415902	-0.250731	0.255034	0.074269	-0.170111	0.217502	0.293847	-0.231208	0.138425	0.095182	-0.294770	-0.019449	0.156755	0.019257	0.623131	0.159111	0.153096	0.297669	0.030365	-0.133761	0.242937	0.064039	0.362555	0.421149	0.247824	0.487032	-0.291200	0.398208	0.233668	0.452416	-0.016995	-0.040553	0.015681	0.029459	0.031719	0.182664	0.235751	0.235344	0.285533	0.165662	-0.131192	0.086173
-0.000472	0.607864	0.625977	0.610193	0.713625	0.655666	0.677585	0.761050	0.626738	0.660618	0.402993	0.603998	0.701013	0.511391	0.458245	0.454807	0.558021	0.420703	0.617105	0.289796	0.520595	0.641742	0.476683	0.384412	0.070060	0.457837	0.433242	0.624152	0.554111	0.469596	0.188381	0.290268	0.727651	0.373671	0.039809	0.505828	0.784269	0.451718	1.000000	0.318847	0.460610	0.462514	0.211854	0.421160	-0.420354	0.014853	-0.121299	0.259540	0.357056	0.294776	-0.067099	0.343055	0.100402	-0.065150	0.173831	-0.090814	0.070175	0.277685	0.437832	0.143860	-0.001703	0.519857	-0.442953	0.088068	-0.202938	0.071465	0.174221	-0.441010	-0.593632	-0.040209	-0.416501	-0.078918	0.168685	-0.008609	0.174419	-0.438792	0.028837	0.316529	0.255615	-0.483756	-0.253104	0.128613	-0.027048	-0.007003	-0.055867	0.044731	-0.045633	0.143343	-0.092135	-0.369106	-0.015935
0.000150	0.747942	0.643199	0.010475	0.542429	-0.008391	0.638675	0.232109	-0.080048	0.687726	0.769328	-0.076754	0.300716	-0.183992	-0.299549	0.822124	-0.121071	0.649164	0.606121	0.852956	0.748389	0.679671	0.747663	0.576801	0.787463	0.693329	0.824703	0.698547	0.761280	0.827904	0.781761	0.826244	0.559829	0.839767	0.747358	0.742535	0.281738	0.818988	0.318847	1.000000	0.813684	0.835348	0.807866	0.856526	0.357751	0.736604	0.145664	0.445856	-0.014536	0.359317	-0.320360	0.168718	0.007804	-0.226131	0.179345	0.350913	-0.331329	0.061351	-0.042115	-0.425597	-0.037087	0.012684	0.142257	0.711340	0.230038	0.126848	0.262013	0.154932	0.010803	0.290734	0.187380	0.439062	0.430237	0.262948	0.488139	-0.207056	0.458815	0.162514	0.446502	0.122330	0.014088	-0.063436	0.013515	0.016767	0.224297	0.254531	0.267195	0.265233	0.204190	-0.036307	0.102782
-0.000249	0.803897	0.706000	0.147468	0.638577	0.151578	0.719574	0.380763	0.075349	0.756760	0.745693	0.075128	0.418018	-0.032384	-0.143792	0.814761	0.027223	0.637073	0.670501	0.801819	0.778363	0.751184	0.756835	0.582456	0.685168	0.707272	0.809099	0.755652	0.794823	0.822922	0.711050	0.774066	0.665235	0.811197	0.644624	0.756867	0.442367	0.813086	0.460610	0.813684	1.000000	0.830098	0.751071	0.834907	0.192488	0.623190	0.101239	0.441264	0.077028	0.382856	-0.276638	0.232931	0.043073	-0.196606	0.190933	0.279620	-0.256805	0.111511	0.068610	-0.317055	-0.030332	0.132214	0.014948	0.625305	0.150001	0.133240	0.275614	0.025406	-0.137270	0.233357	0.060080	0.357983	0.413297	0.221887	0.464208	-0.282482	0.396537	0.216189	0.440372	-0.014220	-0.052595	-0.013392	0.012231	0.019296	0.173216	0.228195	0.219461	0.265244	0.158689	-0.126671	0.082559
-0.000060	0.822482	0.715012	0.141593	0.648715	0.145068	0.737137	0.381652	0.067867	0.774178	0.766065	0.067448	0.419781	-0.042170	-0.156170	0.844384	0.019143	0.668457	0.687080	0.825855	0.799352	0.769943	0.777936	0.617400	0.703787	0.735602	0.831726	0.776010	0.814759	0.842723	0.727121	0.796357	0.672601	0.825780	0.662688	0.774066	0.437591	0.834220	0.462514	0.835348	0.830098	1.000000	0.763062	0.861624	0.204889	0.641730	0.097727	0.445581	0.073600	0.390022	-0.285544	0.234353	0.038991	-0.200917	0.192482	0.278226	-0.266500	0.106660	0.063551	-0.331581	-0.042669	0.130018	0.010783	0.637589	0.141553	0.131547	0.271128	0.024617	-0.137696	0.233401	0.053065	0.352799	0.409195	0.225848	0.470266	-0.295498	0.395925	0.208963	0.442763	-0.017882	-0.061036	-0.022858	-0.000200	0.022715	0.170791	0.223003	0.218039	0.264530	0.151357	-0.127151	0.075114
-0.000198	0.654523	0.544494	-0.082848	0.436467	-0.097042	0.530756	0.120066	-0.176959	0.591568	0.691059	-0.170200	0.188821	-0.252700	-0.358899	0.757921	-0.201871	0.571982	0.518333	0.807351	0.680875	0.580649	0.680778	0.519954	0.805788	0.629240	0.763453	0.605127	0.673698	0.751823	0.759946	0.784667	0.454028	0.779012	0.755175	0.650954	0.177167	0.744694	0.211854	0.807866	0.751071	0.763062	1.000000	0.788582	0.438586	0.751867	0.192674	0.427695	-0.054450	0.343056	-0.290374	0.141758	0.025020	-0.196108	0.173346	0.394793	-0.326898	0.026890	-0.097519	-0.435914	-0.021212	-0.061473	0.223903	0.716211	0.292641	0.145256	0.267128	0.245510	0.115823	0.315605	0.271504	0.478410	0.434168	0.290597	0.496009	-0.144534	0.479032	0.132655	0.427795	0.213342	0.072332	-0.053549	0.045505	0.036151	0.246216	0.270455	0.307560	0.279202	0.244209	0.017558	0.120480
0.000243	0.811227	0.697337	0.094454	0.618768	0.094863	0.711197	0.330548	0.012340	0.757007	0.773095	0.016786	0.376564	-0.093192	-0.205825	0.847256	-0.033780	0.664104	0.674503	0.845658	0.790288	0.744260	0.773263	0.611317	0.742084	0.727007	0.835967	0.757533	0.810442	0.850487	0.754950	0.815482	0.642958	0.840814	0.693966	0.769981	0.389970	0.839362	0.421160	0.856526	0.834907	0.861624	0.788582	1.000000	0.254820	0.677665	0.118251	0.446335	0.041123	0.380027	-0.298715	0.211706	0.031045	-0.214687	0.186717	0.302873	-0.289491	0.089916	0.025579	-0.363451	-0.036778	0.087977	0.053540	0.674043	0.179967	0.127672	0.270033	0.068257	-0.091185	0.257014	0.097469	0.387231	0.419750	0.237346	0.484039	-0.266283	0.423234	0.192509	0.444940	0.028283	-0.035141	-0.040445	0.007565	0.022403	0.185188	0.233275	0.235223	0.265692	0.172860	-0.095825	0.084067
-0.001163	0.016722	-0.072288	-0.557826	-0.203676	-0.591382	-0.118468	-0.494114	-0.633897	-0.066257	0.220915	-0.611489	-0.391761	-0.617676	-0.669376	0.213268	-0.603889	0.121153	-0.091859	0.380234	0.116151	-0.074889	0.144226	0.105683	0.578144	0.126786	0.229980	-0.017160	0.075455	0.194657	0.460839	0.371286	-0.218767	0.293727	0.575893	0.097663	-0.454976	0.197082	-0.420354	0.357751	0.192488	0.204889	0.438586	0.254820	1.000000	0.607484	0.285165	0.149666	-0.332556	0.039682	-0.190728	-0.158398	-0.052498	-0.113970	0.010631	0.414103	-0.326886	-0.189434	-0.431274	-0.498605	0.003877	-0.462048	0.592278	0.521242	0.437783	0.065084	0.087757	0.610228	0.647749	0.323090	0.608309	0.485843	0.226621	0.267640	0.273143	0.256318	0.383103	-0.146280	0.163713	0.625842	0.291193	-0.144816	0.071549	0.036535	0.278305	0.206599	0.316375	0.129303	0.299415	0.326186	0.116853
-0.000111	0.495823	0.383446	-0.247974	0.255481	-0.271728	0.355537	-0.077654	-0.342498	0.414766	0.597057	-0.328070	0.013252	-0.386371	-0.489810	0.645607	-0.346878	0.483953	0.356951	0.745496	0.544984	0.412933	0.573982	0.444204	0.808210	0.535603	0.651807	0.452584	0.527217	0.632205	0.726204	0.722141	0.274979	0.706096	0.765173	0.533974	-0.026504	0.636383	0.014853	0.736604	0.623190	0.641730	0.751867	0.677665	0.607484	1.000000	0.235494	0.378923	-0.145050	0.279492	-0.274948	0.059828	0.014413	-0.173061	0.148261	0.440081	-0.340811	-0.034844	-0.210164	-0.487054	-0.012365	-0.193497	0.368256	0.712584	0.365631	0.139606	0.241945	0.387321	0.292748	0.343023	0.403739	0.528887	0.396619	0.310911	0.470232	-0.031959	0.479240	0.060170	0.378051	0.366088	0.138736	-0.079196	0.052043	0.047152	0.268381	0.282016	0.329967	0.260280	0.280267	0.108442	0.121636
-0.000120	0.017961	0.046147	-0.109051	-0.005375	-0.178178	-0.005980	-0.157388	-0.218233	0.020046	0.057906	-0.183127	-0.059122	-0.138473	-0.205316	0.117616	-0.141665	-0.051470	-0.016755	0.145923	0.058641	0.007245	0.024233	-0.074776	0.193970	-0.001542	0.108377	0.001756	0.040223	0.114067	0.141173	0.172132	-0.044795	0.147070	0.173233	0.020532	-0.135582	0.106678	-0.121299	0.145664	0.101239	0.097727	0.192674	0.118251	0.285165	0.235494	1.000000	0.272567	-0.009528	0.102405	0.027154	0.036635	0.120919	0.031605	0.159535	0.345970	0.014247	0.133144	0.025249	-0.079016	0.335391	-0.103973	0.302355	0.297499	0.457079	0.174869	0.294248	0.404969	0.323839	0.478222	0.404050	0.440772	0.330875	0.290104	0.296793	0.242462	0.387160	0.150028	0.381796	0.390706	0.291531	0.197158	0.343461	-0.060989	0.482034	0.345147	0.479997	0.303313	0.485513	0.287322	0.387753
