1.000000	0.000358	0.000026	0.000644	0.000786	-0.000778	-0.000217	-0.000701	-0.000865	-0.000136	-0.000152	-0.000747	0.000393	0.000120	-0.000608	-0.000403	0.000100	-0.000553	0.000343	0.000031	0.000064	-0.000510	0.000045	0.000395	0.000260	0.000716	0.000025	0.000497	-0.000396	0.000196	-0.000253	-0.000653	-0.000231	-0.000750	0.000323	0.000187	-0.000142	0.000065	0.000170	0.000217	0.000090	0.000129	-0.000062	-0.000610	0.000689	0.000753	-0.000153	-0.000324	-0.000126	0.000920	-0.000428	-0.000452	-0.000111	-0.001095	-0.000798	0.000517	-0.000226	0.000190	0.000146	-0.000562	0.000181	0.000072	-0.000570	-0.000177	0.000224	0.000002	-0.000055	0.000164	-0.001032	0.000439	-0.000457	0.000488	-0.000075	0.000601	0.000276	-0.000235	0.000237	-0.000518	0.000117	-0.000650	-0.000035	0.000301	-0.001236	-0.000486	0.000189	0.000579	0.000300	0.000744	-0.000083	-0.000115	-0.000016
0.000358	1.000000	0.919018	0.711326	0.910014	0.784349	0.901610	0.814576	0.672573	0.921643	0.702572	0.722896	0.844221	0.673966	0.571581	0.946717	0.599872	0.654743	0.690439	0.816461	0.643281	0.885637	0.806582	0.735339	0.514295	0.809574	0.862363	0.858646	0.781345	0.939382	0.597821	0.635907	0.914358	0.749215	0.661890	0.797915	0.829210	0.943742	0.850307	0.847272	0.718918	0.913188	0.361476	0.917376	-0.344517	0.177001	-0.270278	0.288130	0.479598	0.337285	0.161193	0.154134	0.084550	0.101920	-0.017354	-0.231565	0.255557	0.411805	0.566892	0.366909	-0.186579	0.646112	-0.531537	-0.094609	-0.220381	-0.206419	-0.015711	-0.561216	-0.646858	-0.221590	-0.508674	-0.191634	-0.163244	-0.276390	0.202059	-0.608432	-0.158327	0.001368	-0.005419	-0.424621	-0.408568	0.127071	-0.090953	-0.060005	-0.183580	-0.304748	-0.219959	-0.139404	-0.277763	-0.415284	-0.250631
0.000026	0.919018	1.000000	0.778137	0.925929	0.755342	0.884056	0.776233	0.636685	0.901162	0.728191	0.698031	0.904768	0.692141	0.554952	0.898274	0.645314	0.627219	0.691488	0.813256	0.637362	0.849135	0.757707	0.665828	0.524334	0.757059	0.838685	0.822680	0.757373	0.949271	0.593767	0.647817	0.874965	0.750023	0.656471	0.781103	0.793931	0.902039	0.826298	0.847275	0.713718	0.876825	0.376254	0.885403	-0.317233	0.205339	-0.133875	0.420716	0.543155	0.399379	0.199134	0.243750	0.151944	0.129641	0.096943	-0.094757	0.336992	0.561674	0.680176	0.406290	-0.038419	0.681433	-0.443779	-0.039409	-0.080531	-0.085190	0.102446	-0.468740	-0.590657	-0.090749	-0.420043	-0.071228	-0.046128	-0.153375	0.315659	-0.539847	-0.050492	0.132574	0.127382	-0.317760	-0.284129	0.233657	0.057802	-0.062448	-0.018635	-0.178705	-0.079503	-0.004407	-0.133243	-0.364082	-0.110577
0.000644	0.711326	0.778137	1.000000	0.795729	0.771081	0.657339	0.778198	0.730532	0.652935	0.384003	0.785729	0.819253	0.823779	0.731670	0.625024	0.808502	0.368488	0.381554	0.445761	0.306156	0.604320	0.466059	0.390888	0.122986	0.460286	0.519699	0.565493	0.436049	0.682332	0.206353	0.277029	0.702244	0.388800	0.261406	0.472105	0.829665	0.621215	0.738670	0.492879	0.372821	0.559667	0.028464	0.565918	-0.517027	-0.125788	-0.158076	0.321627	0.604532	0.367784	0.404683	0.243746	0.238840	0.308635	0.084193	-0.168123	0.537177	0.541785	0.725398	0.626913	0.078113	0.746320	-0.488349	-0.285656	-0.124616	-0.043102	0.096653	-0.496682	-0.617488	-0.137780	-0.499026	-0.207525	-0.143375	-0.167194	0.191791	-0.441086	-0.179179	0.095887	0.009016	-0.431762	-0.244636	0.359555	0.164691	0.026403	-0.054199	-0.171390	-0.115669	-0.023868	-0.144186	-0.236375	-0.048887
0.000786	0.910014	0.925929	0.795729	1.000000	0.796866	0.857406	0.808509	0.697932	0.868821	0.627160	0.758893	0.889952	0.753786	0.630277	0.876026	0.713465	0.539709	0.613985	0.734698	0.563503	0.824362	0.704136	0.620210	0.418730	0.702228	0.781921	0.783872	0.698949	0.895424	0.502595	0.561287	0.869317	0.672353	0.549199	0.711059	0.842127	0.874126	0.829914	0.772170	0.642948	0.827908	0.282901	0.835630	-0.392803	0.107073	-0.185349	0.403010	0.606889	0.447722	0.305623	0.279360	0.220806	0.237658	0.105155	-0.150979	0.419896	0.550416	0.709263	0.504161	-0.027694	0.744284	-0.485415	-0.138899	-0.128018	-0.085401	0.107366	-0.522174	-0.640056	-0.152691	-0.489750	-0.145217	-0.098585	-0.181218	0.304546	-0.569970	-0.132394	0.108987	0.066212	-0.413024	-0.309977	0.299321	0.075639	0.022479	-0.086635	-0.209276	-0.118251	-0.023788	-0.174961	-0.389298	-0.136537
-0.000778	0.784349	0.755342	0.771081	0.796866	1.000000	0.690298	0.819190	0.799924	0.685237	0.363213	0.824204	0.771716	0.800315	0.763169	0.671393	0.765653	0.390880	0.369594	0.448106	0.299164	0.640888	0.509789	0.454391	0.104485	0.509800	0.542395	0.607354	0.455670	0.690360	0.198447	0.257612	0.755258	0.385437	0.265815	0.497445	0.887520	0.662852	0.784372	0.496052	0.376375	0.591204	0.001693	0.596024	-0.569954	-0.169012	-0.306142	0.170817	0.549433	0.291320	0.350764	0.143837	0.158139	0.268874	-0.040410	-0.318972	0.429559	0.402533	0.622685	0.587752	-0.083821	0.728978	-0.595449	-0.367679	-0.286616	-0.175093	-0.028474	-0.613624	-0.699153	-0.285042	-0.611430	-0.345098	-0.276971	-0.304604	0.066912	-0.521263	-0.305740	-0.037523	-0.131479	-0.566611	-0.382028	0.233395	-0.002648	0.017467	-0.226384	-0.311521	-0.273904	-0.173351	-0.299218	-0.283912	-0.198865
-0.000217	0.901610	0.884056	0.657339	0.857406	0.690298	1.000000	0.702150	0.549883	0.887535	0.734245	0.621010	0.802367	0.589668	0.462313	0.912241	0.536563	0.624633	0.708731	0.838428	0.680213	0.856636	0.782621	0.700237	0.585704	0.780535	0.859155	0.826943	0.793514	0.911085	0.653849	0.688327	0.842846	0.786587	0.693106	0.784678	0.714815	0.911431	0.775973	0.861062	0.754576	0.895787	0.433078	0.901880	-0.262507	0.267745	-0.184756	0.385213	0.487072	0.397838	0.163648	0.227556	0.138077	0.112739	0.075778	-0.121147	0.265558	0.472244	0.577977	0.332854	-0.111885	0.608580	-0.438509	-0.010829	-0.120243	-0.119181	0.075588	-0.478210	-0.580807	-0.143512	-0.422235	-0.087920	-0.064971	-0.180794	0.308983	-0.572854	-0.073845	0.084187	0.090934	-0.331883	-0.327104	0.183397	-0.011861	-0.025559	-0.092394	-0.216207	-0.113171	-0.040816	-0.180984	-0.420453	-0.179591
-0.000701	0.814576	0.776233	0.778198	0.808509	0.819190	0.702150	1.000000	0.794280	0.707119	0.398300	0.831073	0.780525	0.799779	0.765152	0.701469	0.734337	0.424409	0.399995	0.483958	0.325484	0.671676	0.540640	0.478379	0.135112	0.538866	0.576870	0.630936	0.484299	0.721622	0.227901	0.289440	0.784759	0.416439	0.303371	0.527600	0.890754	0.692513	0.807747	0.529123	0.402522	0.627811	0.021076	0.632600	-0.568014	-0.156772	-0.313325	0.155090	0.516339	0.267023	0.305280	0.117573	0.118958	0.219612	-0.065033	-0.336315	0.394954	0.381430	0.596871	0.535312	-0.109301	0.709498	-0.608560	-0.353491	-0.300480	-0.199097	-0.056039	-0.618697	-0.700495	-0.285997	-0.611852	-0.350192	-0.285618	-0.323797	0.049326	-0.518029	-0.300278	-0.048973	-0.133717	-0.567792	-0.396145	0.196647	-0.035281	-0.019276	-0.231587	-0.328175	-0.289142	-0.189068	-0.312254	-0.281634	-0.208342
-0.000865	0.672573	0.636685	0.730532	0.697932	0.799924	0.549883	0.794280	1.000000	0.552214	0.205218	0.815927	0.691484	0.804565	0.802540	0.526602	0.767347	0.283782	0.217597	0.272839	0.140170	0.515584	0.375193	0.329151	-0.072655	0.369461	0.386411	0.476796	0.299235	0.550166	0.021842	0.084268	0.654176	0.213005	0.095180	0.352471	0.866183	0.516117	0.712560	0.323575	0.212513	0.434650	-0.154498	0.439356	-0.646380	-0.320347	-0.337302	0.061470	0.501384	0.208987	0.370592	0.083020	0.128458	0.276796	-0.098961	-0.382418	0.438551	0.327918	0.570218	0.617645	-0.086782	0.694325	-0.618515	-0.473078	-0.338762	-0.200331	-0.088686	-0.623596	-0.690972	-0.322234	-0.641762	-0.428514	-0.344341	-0.340659	-0.048923	-0.456348	-0.376037	-0.093692	-0.220353	-0.617186	-0.384263	0.214132	-0.022925	0.016677	-0.267707	-0.338926	-0.327664	-0.223014	-0.336047	-0.203027	-0.198422
-0.000136	0.921643	0.901162	0.652935	0.868821	0.685237	0.887535	0.707119	0.552214	1.000000	0.763156	0.611947	0.810281	0.577254	0.448284	0.936881	0.521624	0.645582	0.738752	0.871236	0.716760	0.876638	0.808584	0.724966	0.625884	0.813824	0.891629	0.850548	0.822805	0.934943	0.692152	0.725778	0.862191	0.817159	0.731496	0.814374	0.711366	0.935905	0.788329	0.893575	0.775059	0.925636	0.475748	0.931916	-0.239350	0.303674	-0.179984	0.398657	0.479500	0.403002	0.144081	0.233716	0.130650	0.096954	0.079905	-0.115911	0.246617	0.471062	0.574048	0.313475	-0.122416	0.601062	-0.436070	0.018119	-0.114754	-0.125348	0.074261	-0.479313	-0.583152	-0.137967	-0.414958	-0.070722	-0.051254	-0.177400	0.324566	-0.589660	-0.058812	0.095186	0.103258	-0.321829	-0.328150	0.170345	-0.020980	-0.030945	-0.091109	-0.215264	-0.110519	-0.034672	-0.182124	-0.435171	-0.185429
-0.000152	0.702572	0.728191	0.384003	0.627160	0.363213	0.734245	0.398300	0.205218	0.763156	1.000000	0.276889	0.598446	0.247248	0.097872	0.784187	0.205125	0.714722	0.799543	0.895953	0.795447	0.739540	0.783749	0.716554	0.839842	0.781659	0.837642	0.748372	0.820658	0.813503	0.841677	0.842911	0.649843	0.866814	0.880096	0.801742	0.366309	0.796229	0.530778	0.890387	0.828130	0.846645	0.687673	0.849912	0.072346	0.583431	-0.048559	0.402604	0.244882	0.291450	-0.102327	0.159840	-0.001739	-0.120066	0.091831	0.080748	0.005483	0.398387	0.356669	0.010562	-0.143629	0.318478	-0.179323	0.311648	0.046180	-0.075093	0.077522	-0.227820	-0.313302	0.018823	-0.131571	0.151587	0.110235	-0.042315	0.347178	-0.438996	0.144400	0.124873	0.224208	-0.000260	-0.200276	0.017215	-0.060003	-0.144329	0.058312	-0.094512	0.021446	0.039750	-0.048498	-0.357876	-0.126488
-0.000747	0.722896	0.698031	0.785729	0.758893	0.824204	0.621010	0.831073	0.815927	0.611947	0.276889	1.000000	0.742221	0.839018	0.802893	0.601359	0.797381	0.326092	0.290029	0.352868	0.221565	0.557537	0.436192	0.383275	0.006397	0.430433	0.460154	0.534694	0.373217	0.615596	0.103919	0.165549	0.703042	0.294182	0.166734	0.412058	0.887206	0.587793	0.756171	0.403158	0.288127	0.507972	-0.078574	0.511951	-0.605637	-0.243201	-0.308868	0.155482	0.580885	0.299166	0.421871	0.157139	0.190273	0.331748	-0.032724	-0.329130	0.474905	0.405986	0.645594	0.635602	-0.052212	0.755865	-0.591514	-0.427068	-0.292354	-0.157602	-0.023661	-0.613054	-0.694677	-0.296137	-0.621809	-0.377447	-0.297715	-0.297468	0.046732	-0.502799	-0.342695	-0.040776	-0.163617	-0.589579	-0.366548	0.284551	0.029458	0.059484	-0.238000	-0.309134	-0.275913	-0.166895	-0.299364	-0.262562	-0.186027
0.000393	0.844221	0.904768	0.819253	0.889952	0.771716	0.802367	0.780525	0.691484	0.810281	0.598446	0.742221	1.000000	0.758950	0.636581	0.796932	0.729447	0.536234	0.571230	0.671003	0.505616	0.757054	0.649318	0.563049	0.361382	0.643303	0.716318	0.725820	0.634391	0.853326	0.437318	0.500529	0.815074	0.608562	0.499470	0.665368	0.820058	0.798532	0.800727	0.711789	0.578617	0.756874	0.231704	0.764186	-0.405272	0.067546	-0.146199	0.396106	0.578920	0.403959	0.288628	0.252117	0.192631	0.211511	0.102988	-0.106924	0.432123	0.561530	0.714661	0.510896	0.019424	0.721609	-0.463241	-0.140230	-0.088358	-0.064451	0.106046	-0.480081	-0.602034	-0.108089	-0.453207	-0.122141	-0.081102	-0.153184	0.279738	-0.499556	-0.100255	0.124775	0.084924	-0.360520	-0.266951	0.295960	0.108632	-0.023045	-0.022214	-0.170988	-0.087012	-0.006602	-0.132346	-0.307164	-0.079992
0.000120	0.673966	0.692141	0.823779	0.753786	0.800315	0.589668	0.799779	0.804565	0.577254	0.247248	0.839018	0.758950	1.000000	0.819696	0.556687	0.844007	0.284886	0.266424	0.316884	0.189119	0.539053	0.391350	0.329359	-0.024519	0.380882	0.420702	0.498429	0.337252	0.585510	0.071492	0.141075	0.667752	0.262727	0.125255	0.374695	0.866533	0.546938	0.721736	0.368070	0.256592	0.465795	-0.096723	0.469925	-0.599872	-0.251172	-0.237667	0.220346	0.614746	0.343035	0.469425	0.210551	0.250036	0.385062	0.033483	-0.258214	0.577016	0.472442	0.690750	0.701949	0.044064	0.767899	-0.545139	-0.403407	-0.216633	-0.084373	0.043842	-0.558920	-0.658597	-0.230856	-0.574196	-0.318766	-0.235810	-0.228144	0.102196	-0.456636	-0.287678	0.023510	-0.102744	-0.533847	-0.292842	0.363759	0.123810	0.082158	-0.154066	-0.234489	-0.198902	-0.093061	-0.217789	-0.233528	-0.104467
-0.000608	0.571581	0.554952	0.731670	0.630277	0.763169	0.462313	0.765152	0.802540	0.448284	0.097872	0.802893	0.636581	0.819696	1.000000	0.420926	0.784975	0.194800	0.126729	0.154830	0.047808	0.420794	0.272629	0.231887	-0.178687	0.264378	0.277785	0.381244	0.198546	0.442999	-0.084931	-0.020407	0.568351	0.104963	-0.022980	0.249250	0.829807	0.409085	0.649027	0.205846	0.107223	0.321583	-0.237068	0.323146	-0.671486	-0.388959	-0.311801	0.062322	0.530630	0.218915	0.442204	0.098704	0.178319	0.355197	-0.070231	-0.363305	0.522600	0.338065	0.576290	0.665568	-0.021286	0.703300	-0.593485	-0.512178	-0.314176	-0.157799	-0.058052	-0.594279	-0.668040	-0.309312	-0.625619	-0.428293	-0.341706	-0.309212	-0.052724	-0.413479	-0.381701	-0.079170	-0.223003	-0.604097	-0.335748	0.278508	0.039102	0.064469	-0.245050	-0.301298	-0.299146	-0.194259	-0.299107	-0.163559	-0.155337
-0.000403	0.946717	0.898274	0.625024	0.876026	0.671393	0.912241	0.701469	0.526602	0.936881	0.784187	0.601359	0.796932	0.556687	0.420926	1.000000	0.503336	0.657617	0.770090	0.913578	0.762458	0.905608	0.846312	0.766424	0.671811	0.849317	0.927053	0.881307	0.868018	0.946775	0.743697	0.769782	0.879957	0.858873	0.768780	0.839200	0.696971	0.980356	0.784579	0.931521	0.822767	0.969684	0.516121	0.971403	-0.203799	0.349253	-0.191222	0.412189	0.493024	0.440700	0.157342	0.253149	0.153726	0.120503	0.091206	-0.113213	0.243552	0.461913	0.560499	0.306492	-0.139112	0.601038	-0.419421	0.042645	-0.117930	-0.126473	0.086040	-0.476372	-0.574499	-0.149220	-0.409191	-0.065364	-0.047817	-0.174299	0.352689	-0.613089	-0.063179	0.089558	0.102070	-0.321030	-0.337987	0.180519	-0.028318	0.005614	-0.115564	-0.222462	-0.110109	-0.034452	-0.190042	-0.483918	-0.212668
0.000100	0.599872	0.645314	0.808502	0.713465	0.765653	0.536563	0.734337	0.767347	0.521624	0.205125	0.797381	0.729447	0.844007	0.784975	0.503336	1.000000	0.214359	0.230847	0.274777	0.159965	0.483508	0.334482	0.274370	-0.047392	0.327062	0.370782	0.441077	0.296773	0.529381	0.046205	0.111731	0.602178	0.225765	0.082758	0.323370	0.804632	0.495060	0.660557	0.322979	0.222973	0.411077	-0.110556	0.414049	-0.573279	-0.250686	-0.174449	0.278005	0.671673	0.403070	0.551733	0.279072	0.327271	0.460236	0.108084	-0.188478	0.634814	0.511830	0.734997	0.754569	0.129895	0.791044	-0.463655	-0.384490	-0.142091	-0.010643	0.121326	-0.493385	-0.605572	-0.173693	-0.519823	-0.264605	-0.179819	-0.150723	0.169273	-0.418144	-0.250327	0.079477	-0.054692	-0.480097	-0.217789	0.454111	0.218476	0.137341	-0.095582	-0.165528	-0.123868	-0.017293	-0.148298	-0.229994	-0.043769
-0.000553	0.654743	0.627219	0.368488	0.539709	0.390880	0.624633	0.424409	0.283782	0.645582	0.714722	0.326092	0.536234	0.284886	0.194800	0.657617	0.214359	1.000000	0.650621	0.721452	0.629039	0.632167	0.732215	0.715122	0.645240	0.719558	0.693196	0.658229	0.671752	0.701963	0.661670	0.626420	0.585503	0.675857	0.750938	0.715343	0.413627	0.674758	0.505766	0.720791	0.649649	0.712885	0.492018	0.706847	-0.033849	0.393909	-0.216387	0.111296	0.107399	0.052330	-0.186227	-0.115690	-0.219482	-0.232458	-0.186137	-0.121673	-0.079363	0.183113	0.230531	0.002897	-0.322814	0.272700	-0.299535	0.156087	-0.153382	-0.285621	-0.187199	-0.286322	-0.300802	-0.121749	-0.221061	-0.081054	-0.120048	-0.244007	0.024062	-0.349374	-0.023492	-0.137384	-0.041710	-0.077118	-0.327112	-0.181365	-0.273502	-0.290354	-0.110737	-0.264847	-0.218732	-0.206534	-0.237898	-0.194843	-0.254607
0.000343	0.690439	0.691488	0.381554	0.613985	0.369594	0.708731	0.399995	0.217597	0.738752	0.799543	0.290029	0.571230	0.266424	0.126729	0.770090	0.230847	0.650621	1.000000	0.853877	0.768381	0.725930	0.746654	0.684904	0.794892	0.744104	0.816089	0.738889	0.800285	0.775256	0.802742	0.807264	0.632465	0.833461	0.819483	0.778787	0.372104	0.778832	0.514084	0.847156	0.801773	0.823385	0.665506	0.822617	0.060929	0.556483	-0.037835	0.403380	0.285066	0.320195	-0.034229	0.181406	0.052709	-0.058416	0.112198	0.067813	0.055740	0.369824	0.366478	0.061206	-0.108470	0.332276	-0.203093	0.286366	0.046215	-0.063592	0.104498	-0.238625	-0.322321	0.026307	-0.143386	0.144015	0.108516	-0.044492	0.366556	-0.447279	0.145618	0.132959	0.228574	-0.007813	-0.196889	0.063380	-0.029637	-0.097324	0.048119	-0.088718	0.028965	0.046072	-0.045136	-0.361666	-0.113918
0.000031	0.816461	0.813256	0.445761	0.734698	0.448106	0.838428	0.483958	0.272839	0.871236	0.895953	0.352868	0.671003	0.316884	0.154830	0.913578	0.274777	0.721452	0.853877	1.000000	0.859853	0.849790	0.856402	0.783367	0.872094	0.860041	0.938484	0.844535	0.910117	0.904245	0.902021	0.904457	0.753075	0.948133	0.917605	0.875137	0.452439	0.921784	0.617256	0.983764	0.906761	0.959988	0.711140	0.961600	0.031309	0.582582	-0.075714	0.457437	0.343177	0.391761	-0.023532	0.228279	0.076522	-0.038179	0.124464	0.038744	0.074710	0.426793	0.428618	0.082635	-0.141950	0.409486	-0.242453	0.276710	0.011800	-0.080605	0.117059	-0.299535	-0.390909	-0.023053	-0.206867	0.117651	0.092258	-0.068205	0.416538	-0.522214	0.104324	0.137955	0.221717	-0.086001	-0.244765	0.087102	-0.041361	-0.069908	0.006168	-0.124461	0.005466	0.044107	-0.079986	-0.445314	-0.160709
0.000064	0.643281	0.637362	0.306156	0.563503	0.299164	0.680213	0.325484	0.140170	0.716760	0.795447	0.221565	0.505616	0.189119	0.047808	0.762458	0.159965	0.629039	0.768381	0.859853	1.000000	0.697712	0.749858	0.682301	0.843682	0.749807	0.814470	0.707657	0.800874	0.734069	0.853012	0.836921	0.589877	0.847387	0.842223	0.751520	0.292481	0.764564	0.464695	0.850441	0.823147	0.816652	0.719863	0.813512	0.150083	0.633840	-0.045021	0.437307	0.275056	0.378001	-0.042750	0.237962	0.085776	-0.038578	0.151649	0.087051	0.031489	0.359440	0.329466	0.019398	-0.138079	0.302931	-0.151705	0.343099	0.043718	-0.051785	0.132805	-0.220280	-0.300942	-0.005497	-0.122975	0.164456	0.132238	-0.022959	0.427257	-0.478164	0.124375	0.136047	0.226756	-0.011015	-0.199870	0.079494	-0.038826	-0.025340	0.012438	-0.087497	0.043451	0.071934	-0.046532	-0.430609	-0.156178
-0.000510	0.885637	0.849135	0.604320	0.824362	0.640888	0.856636	0.671676	0.515584	0.876638	0.739540	0.557537	0.757054	0.539053	0.420794	0.905608	0.483508	0.632167	0.725930	0.849790	0.697712	1.000000	0.797397	0.713437	0.629483	0.793516	0.867018	0.825868	0.804298	0.892667	0.690821	0.715138	0.824940	0.801816	0.723411	0.794654	0.665011	0.905429	0.719014	0.865573	0.769299	0.899889	0.471949	0.902397	-0.226325	0.314359	-0.192552	0.367057	0.448650	0.387209	0.128916	0.212264	0.119922	0.088256	0.058013	-0.130896	0.222949	0.428769	0.526212	0.289563	-0.145228	0.560536	-0.429365	0.028011	-0.131946	-0.140354	0.058473	-0.475296	-0.568288	-0.148085	-0.408161	-0.082615	-0.065681	-0.190730	0.304889	-0.582087	-0.070119	0.072500	0.082429	-0.317196	-0.335030	0.145141	-0.045331	-0.027618	-0.115920	-0.228804	-0.126125	-0.053581	-0.196299	-0.430373	-0.206148
0.000045	0.806582	0.757707	0.466059	0.704136	0.509789	0.782621	0.540640	0.375193	0.808584	0.783749	0.436192	0.649318	0.391350	0.272629	0.846312	0.334482	0.732215	0.746654	0.856402	0.749858	0.797397	1.000000	0.767264	0.720501	0.815958	0.841755	0.789687	0.804476	0.832247	0.765345	0.756473	0.739581	0.821464	0.807330	0.814437	0.528271	0.849425	0.635368	0.861218	0.787365	0.871277	0.571819	0.868793	-0.088433	0.443911	-0.205887	0.282690	0.305403	0.277734	-0.020161	0.093341	-0.007391	-0.047242	-0.027054	-0.114996	0.069657	0.319413	0.386018	0.133823	-0.250377	0.430839	-0.361223	0.128276	-0.138126	-0.203613	-0.032975	-0.388035	-0.446662	-0.150195	-0.313639	-0.065660	-0.078645	-0.210645	0.222736	-0.524584	-0.044557	-0.014396	0.040900	-0.196683	-0.356174	0.004008	-0.158004	-0.105503	-0.132729	-0.254854	-0.164055	-0.116274	-0.224831	-0.387207	-0.257142
0.000395	0.735339	0.665828	0.390888	0.620210	0.454391	0.700237	0.478379	0.329151	0.724966	0.716554	0.383275	0.563049	0.329359	0.231887	0.766424	0.274370	0.715122	0.684904	0.783367	0.682301	0.713437	0.767264	1.000000	0.674765	0.770832	0.757911	0.713420	0.758345	0.742692	0.714929	0.686092	0.659394	0.729835	0.757112	0.757611	0.469240	0.775161	0.567458	0.779648	0.711396	0.795870	0.525526	0.788870	-0.055970	0.423786	-0.273039	0.174150	0.226666	0.194864	-0.067768	-0.001624	-0.082991	-0.095567	-0.114344	-0.167978	0.006404	0.210551	0.286057	0.087567	-0.329859	0.370491	-0.344987	0.103244	-0.205467	-0.274288	-0.121020	-0.374391	-0.394304	-0.208624	-0.311928	-0.117029	-0.152782	-0.266473	0.116985	-0.476971	-0.110122	-0.120663	-0.063658	-0.194948	-0.402888	-0.070859	-0.245393	-0.138921	-0.207588	-0.316714	-0.242740	-0.202702	-0.298629	-0.348475	-0.324341
0.000260	0.514295	0.524334	0.122986	0.418730	0.104485	0.585704	0.135112	-0.072655	0.625884	0.839842	0.006397	0.361382	-0.024519	-0.178687	0.671811	-0.047392	0.645240	0.794892	0.872094	0.843682	0.629483	0.720501	0.674765	1.000000	0.720479	0.776885	0.641802	0.798524	0.655560	0.943527	0.904928	0.461843	0.874126	0.923212	0.744418	0.082223	0.683757	0.304135	0.847055	0.845118	0.767047	0.861334	0.765653	0.347346	0.806593	0.027101	0.433701	0.136152	0.315927	-0.192789	0.196360	0.013896	-0.164924	0.154048	0.195688	-0.123840	0.297613	0.188539	-0.172300	-0.158972	0.126534	0.007863	0.515220	0.129500	-0.024446	0.135527	-0.065023	-0.132641	0.076256	0.046266	0.287927	0.222343	0.054705	0.442160	-0.391964	0.241374	0.154884	0.292178	0.172223	-0.126774	-0.018307	-0.071333	-0.073997	0.081377	-0.019120	0.117122	0.112927	0.024113	-0.402121	-0.129259
0.000716	0.809574	0.757059	0.460286	0.702228	0.509800	0.780535	0.538866	0.369461	0.813824	0.781659	0.430433	0.643303	0.380882	0.264378	0.849317	0.327062	0.719558	0.744104	0.860041	0.749807	0.793516	0.815958	0.770832	0.720479	1.000000	0.843296	0.791404	0.809185	0.833005	0.763852	0.753882	0.740404	0.815636	0.805476	0.813017	0.524323	0.852904	0.635519	0.863299	0.788451	0.875241	0.568815	0.871860	-0.083573	0.447508	-0.201870	0.277116	0.302618	0.267678	-0.022822	0.089867	-0.016997	-0.055072	-0.031708	-0.115623	0.061432	0.308557	0.378034	0.124341	-0.248981	0.420164	-0.361160	0.134415	-0.139352	-0.202984	-0.036236	-0.385445	-0.441515	-0.153422	-0.307917	-0.046349	-0.077836	-0.210669	0.217081	-0.522127	-0.041318	-0.017058	0.040493	-0.190818	-0.352151	0.001756	-0.161386	-0.115718	-0.131932	-0.253859	-0.164512	-0.117440	-0.227386	-0.383264	-0.256068
0.000025	0.862363	0.838685	0.519699	0.781921	0.542395	0.859155	0.576870	0.386411	0.891629	0.837642	0.460154	0.716318	0.420702	0.277785	0.927053	0.370782	0.693196	0.816089	0.938484	0.814470	0.867018	0.841755	0.757911	0.776885	0.843296	1.000000	0.850425	0.875420	0.912809	0.822431	0.834642	0.804962	0.898746	0.845724	0.855262	0.556220	0.930116	0.688015	0.946011	0.856051	0.948991	0.626969	0.950864	-0.076577	0.472355	-0.126425	0.418485	0.394740	0.386110	0.043219	0.219000	0.090261	0.014703	0.093722	-0.038876	0.139258	0.426556	0.476850	0.173455	-0.146527	0.481687	-0.337004	0.175551	-0.052347	-0.113221	0.087200	-0.385170	-0.476119	-0.076826	-0.295984	0.028031	0.023414	-0.127393	0.367736	-0.557224	0.033759	0.107219	0.164120	-0.188137	-0.291222	0.110420	-0.047826	-0.056614	-0.044874	-0.173706	-0.054944	-0.003571	-0.135240	-0.441015	-0.181239
0.000497	0.858646	0.822680	0.565493	0.783872	0.607354	0.826943	0.630936	0.476796	0.850548	0.748372	0.534694	0.725820	0.498429	0.381244	0.881307	0.441077	0.658229	0.738889	0.844535	0.707657	0.825868	0.789687	0.713420	0.641802	0.791404	0.850425	1.000000	0.795859	0.870539	0.700783	0.719892	0.799017	0.803657	0.741216	0.789225	0.627257	0.883025	0.707744	0.858806	0.768343	0.885541	0.494264	0.884607	-0.186913	0.338616	-0.188217	0.338560	0.403475	0.340965	0.082777	0.167346	0.073020	0.040498	0.033334	-0.119062	0.174160	0.397453	0.487173	0.245097	-0.162390	0.517047	-0.416771	0.059490	-0.125092	-0.158728	0.032512	-0.448269	-0.534435	-0.134575	-0.380083	-0.070790	-0.061017	-0.192411	0.272409	-0.549403	-0.043628	0.047642	0.077807	-0.273722	-0.332803	0.107044	-0.072903	-0.066460	-0.100827	-0.227200	-0.130974	-0.068866	-0.192955	-0.396716	-0.203928
-0.000396	0.781345	0.757373	0.436049	0.698949	0.455670	0.793514	0.484299	0.299235	0.822805	0.820658	0.373217	0.634391	0.337252	0.198546	0.868018	0.296773	0.671752	0.800285	0.910117	0.800874	0.804298	0.804476	0.758345	0.798524	0.809185	0.875420	0.795859	1.000000	0.840206	0.834574	0.832517	0.725349	0.878352	0.843649	0.818745	0.460182	0.872336	0.603727	0.908002	0.846158	0.902717	0.648270	0.900209	-0.018665	0.517198	-0.129984	0.407632	0.352244	0.378381	0.016520	0.213330	0.083046	0.002546	0.095552	-0.019678	0.098771	0.389323	0.416280	0.123183	-0.167018	0.419490	-0.284881	0.211138	-0.045856	-0.109126	0.082390	-0.346792	-0.429924	-0.078773	-0.263166	0.047495	0.033258	-0.111431	0.370157	-0.538637	0.035540	0.094258	0.153133	-0.149617	-0.280199	0.090602	-0.062691	-0.037625	-0.056531	-0.167938	-0.051698	-0.003141	-0.135196	-0.442546	-0.200393
0.000196	0.939382	0.949271	0.682332	0.895424	0.690360	0.911085	0.721622	0.550166	0.934943	0.813503	0.615596	0.853326	0.585510	0.442999	0.946775	0.529381	0.701963	0.775256	0.904245	0.734069	0.892667	0.832247	0.742692	0.655560	0.833005	0.912809	0.870539	0.840206	1.000000	0.713862	0.754842	0.880067	0.845371	0.775855	0.849011	0.721372	0.952175	0.797892	0.928038	0.802716	0.946637	0.494942	0.954561	-0.222558	0.327722	-0.140181	0.413919	0.462033	0.378417	0.100586	0.213278	0.098373	0.044792	0.079856	-0.079927	0.224075	0.500121	0.587811	0.287361	-0.104926	0.598426	-0.415369	0.059102	-0.077393	-0.111753	0.078139	-0.444622	-0.556778	-0.088489	-0.377450	-0.028367	-0.021131	-0.157082	0.328080	-0.557782	-0.010372	0.118183	0.145511	-0.266456	-0.306629	0.149792	-0.009741	-0.095446	-0.029636	-0.188408	-0.078194	-0.016007	-0.143246	-0.396205	-0.147610
-0.000253	0.597821	0.593767	0.206353	0.502595	0.198447	0.653849	0.227901	0.021842	0.692152	0.841677	0.103919	0.437318	0.071492	-0.084931	0.743697	0.046205	0.661670	0.802742	0.902021	0.853012	0.690821	0.765345	0.714929	0.943527	0.763852	0.822431	0.700783	0.834574	0.713862	1.000000	0.893822	0.537327	0.890568	0.917124	0.771228	0.182119	0.754518	0.388385	0.880782	0.863729	0.822999	0.822956	0.820422	0.263876	0.746526	-0.014785	0.435346	0.205651	0.350473	-0.124433	0.208378	0.040650	-0.105881	0.141758	0.138031	-0.053958	0.319341	0.253093	-0.090432	-0.160974	0.212394	-0.063022	0.441010	0.084988	-0.050995	0.130491	-0.139611	-0.200357	0.036464	-0.027187	0.224677	0.173095	0.008772	0.435322	-0.431919	0.184360	0.134711	0.252309	0.093662	-0.171313	0.022851	-0.066177	-0.053971	0.038120	-0.058986	0.072449	0.080636	-0.020976	-0.425425	-0.154044
-0.000653	0.635907	0.647817	0.277029	0.561287	0.257612	0.688327	0.289440	0.084268	0.725778	0.842911	0.165549	0.500529	0.141075	-0.020407	0.769782	0.111731	0.626420	0.807264	0.904457	0.836921	0.715138	0.756473	0.686092	0.904928	0.753882	0.834642	0.719892	0.832517	0.754842	0.893822	1.000000	0.582376	0.894831	0.885888	0.780984	0.247081	0.777771	0.440259	0.892010	0.855562	0.835680	0.790512	0.839636	0.207601	0.711502	0.028363	0.492512	0.260499	0.388434	-0.074388	0.265137	0.097571	-0.065317	0.200846	0.165656	0.005414	0.392113	0.326286	-0.032842	-0.089002	0.257670	-0.088723	0.423709	0.123625	0.001359	0.186351	-0.151407	-0.248076	0.074119	-0.044603	0.257907	0.211192	0.045405	0.485773	-0.447909	0.217745	0.210271	0.316553	0.073353	-0.136567	0.084441	0.003287	-0.035370	0.096020	-0.018150	0.122846	0.138211	0.029669	-0.426474	-0.094660
-0.000231	0.914358	0.874965	0.702244	0.869317	0.755258	0.842846	0.784759	0.654176	0.862191	0.649843	0.703042	0.815074	0.667752	0.568351	0.879957	0.602178	0.585503	0.632465	0.753075	0.589877	0.824940	0.739581	0.659394	0.461843	0.740404	0.804962	0.799017	0.725349	0.880067	0.537327	0.582376	1.000000	0.691307	0.597511	0.733571	0.793482	0.875656	0.815758	0.784019	0.657912	0.842953	0.319293	0.850198	-0.368025	0.149776	-0.240196	0.306443	0.496769	0.354795	0.199439	0.191496	0.125257	0.140506	0.021026	-0.207824	0.296613	0.439041	0.583940	0.395043	-0.130759	0.645104	-0.515053	-0.117044	-0.195405	-0.160954	0.019745	-0.545743	-0.642767	-0.202838	-0.500009	-0.180000	-0.141747	-0.241849	0.224794	-0.580420	-0.150684	0.037058	0.012635	-0.424079	-0.367054	0.171419	-0.039066	-0.028633	-0.151750	-0.268462	-0.187852	-0.101404	-0.241321	-0.391447	-0.203821
-0.000750	0.749215	0.750023	0.388800	0.672353	0.385437	0.786587	0.416439	0.213005	0.817159	0.866814	0.294182	0.608562	0.262727	0.104963	0.858873	0.225765	0.675857	0.833461	0.948133	0.847387	0.801816	0.821464	0.729835	0.874126	0.815636	0.898746	0.803657	0.878352	0.845371	0.890568	0.894831	0.691307	1.000000	0.895466	0.833505	0.382790	0.865533	0.555144	0.943204	0.883554	0.909240	0.734402	0.911813	0.078289	0.622665	-0.035886	0.475092	0.324896	0.397583	-0.024985	0.254178	0.097445	-0.033753	0.158675	0.083004	0.065839	0.422198	0.405217	0.057092	-0.111908	0.362943	-0.199208	0.320712	0.050941	-0.043978	0.148788	-0.258107	-0.355431	0.012394	-0.159219	0.163616	0.136695	-0.027571	0.447513	-0.500625	0.144363	0.170088	0.260648	-0.039171	-0.204279	0.100392	-0.014934	-0.047946	0.040880	-0.083030	0.050012	0.083609	-0.038533	-0.437917	-0.130508
0.000323	0.661890	0.656471	0.261406	0.549199	0.265815	0.693106	0.303371	0.095180	0.731496	0.880096	0.166734	0.499470	0.125255	-0.022980	0.768780	0.082758	0.750938	0.819483	0.917605	0.842223	0.723411	0.807330	0.757112	0.923212	0.805476	0.845724	0.741216	0.843649	0.775855	0.917124	0.885888	0.597511	0.895466	1.000000	0.824509	0.261252	0.783348	0.451488	0.903245	0.858009	0.849838	0.776092	0.848739	0.193328	0.686589	-0.050217	0.348560	0.158714	0.240157	-0.193272	0.098501	-0.064040	-0.194203	0.040012	0.077397	-0.099762	0.288111	0.244407	-0.103843	-0.219237	0.218499	-0.127470	0.398426	0.033678	-0.115897	0.032900	-0.162181	-0.223728	0.018471	-0.058828	0.174995	0.115903	-0.055426	0.315657	-0.411489	0.167289	0.068345	0.204380	0.074387	-0.209036	-0.067343	-0.134527	-0.168318	0.028835	-0.110438	0.004561	0.004538	-0.064259	-0.358069	-0.168217
0.000187	0.797915	0.781103	0.472105	0.711059	0.497445	0.784678	0.527600	0.352471	0.814374	0.801742	0.412058	0.665368	0.374695	0.249250	0.839200	0.323370	0.715343	0.778787	0.875137	0.751520	0.794654	0.814437	0.757611	0.744418	0.813017	0.855262	0.789225	0.818745	0.849011	0.771228	0.780984	0.733571	0.833505	0.824509	1.000000	0.510712	0.848132	0.629637	0.879263	0.799725	0.876829	0.585220	0.876493	-0.066171	0.452084	-0.147667	0.314558	0.296533	0.266466	-0.039598	0.105273	-0.013714	-0.074243	0.005376	-0.061735	0.063711	0.347631	0.396154	0.116429	-0.197289	0.413984	-0.316141	0.175585	-0.076642	-0.163588	-0.001951	-0.349053	-0.420156	-0.074997	-0.264608	0.009369	-0.014051	-0.157675	0.250854	-0.492015	0.024456	0.039695	0.109333	-0.137106	-0.288081	0.014910	-0.116536	-0.141358	-0.049273	-0.196756	-0.102371	-0.062668	-0.156834	-0.358494	-0.199405
-0.000142	0.829210	0.793931	0.829665	0.842127	0.887520	0.714815	0.890754	0.866183	0.711366	0.366309	0.887206	0.820058	0.866533	0.829807	0.696971	0.804632	0.413627	0.372104	0.452439	0.292481	0.665011	0.528271	0.469240	0.082223	0.524323	0.556220	0.627257	0.460182	0.721372	0.182119	0.247081	0.793482	0.382790	0.261252	0.510712	1.000000	0.688213	0.828196	0.503403	0.372414	0.609258	-0.024721	0.615454	-0.613856	-0.206952	-0.329442	0.157217	0.562186	0.282996	0.357387	0.130294	0.145755	0.266434	-0.059549	-0.350914	0.449234	0.408757	0.647383	0.612081	-0.095804	0.762569	-0.637018	-0.399740	-0.313084	-0.194924	-0.051173	-0.646129	-0.733298	-0.304054	-0.647261	-0.378747	-0.306104	-0.331986	0.039340	-0.532677	-0.329891	-0.050049	-0.153499	-0.603361	-0.406065	0.231586	-0.015984	0.000614	-0.243407	-0.337079	-0.300888	-0.194738	-0.323282	-0.283301	-0.207695
0.000065	0.943742	0.902039	0.621215	0.874126	0.662852	0.911431	0.692513	0.516117	0.935905	0.796229	0.587793	0.798532	0.546938	0.409085	0.980356	0.495060	0.674758	0.778832	0.921784	0.764564	0.905429	0.849425	0.775161	0.683757	0.852904	0.930116	0.883025	0.872336	0.952175	0.754518	0.777771	0.875656	0.865533	0.783348	0.848132	0.688213	1.000000	0.773084	0.939474	0.827621	0.971126	0.526077	0.973114	-0.194132	0.358339	-0.186634	0.409165	0.480590	0.428070	0.139799	0.239768	0.138075	0.100692	0.082708	-0.107910	0.229677	0.457497	0.552841	0.291683	-0.145509	0.593497	-0.412710	0.052594	-0.113663	-0.130607	0.079226	-0.467039	-0.563388	-0.142267	-0.398666	-0.058491	-0.044363	-0.174158	0.346794	-0.603602	-0.054895	0.084018	0.104133	-0.305535	-0.337263	0.166564	-0.036322	-0.013706	-0.107893	-0.220463	-0.110298	-0.037105	-0.188231	-0.472981	-0.210813
0.000170	0.850307	0.826298	0.738670	0.829914	0.784372	0.775973	0.807747	0.712560	0.788329	0.530778	0.756171	0.800727	0.721736	0.649027	0.784579	0.660557	0.505766	0.514084	0.617256	0.464695	0.719014	0.635368	0.567458	0.304135	0.635519	0.688015	0.707744	0.603727	0.797892	0.388385	0.440259	0.815758	0.555144	0.451488	0.629637	0.828196	0.773084	1.000000	0.653844	0.534406	0.730766	0.168878	0.735932	-0.465429	-0.006788	-0.265402	0.236444	0.495492	0.299408	0.240445	0.148111	0.111110	0.170523	-0.025163	-0.262160	0.340414	0.413764	0.586281	0.456537	-0.112713	0.666495	-0.556645	-0.232851	-0.237810	-0.175882	-0.021442	-0.570486	-0.662374	-0.232666	-0.547945	-0.258027	-0.208098	-0.276990	0.133841	-0.531493	-0.219889	-0.005847	-0.058635	-0.483306	-0.373870	0.183721	-0.033105	-0.032777	-0.175779	-0.285553	-0.231154	-0.140109	-0.268461	-0.319333	-0.195947
0.000217	0.847272	0.847275	0.492879	0.772170	0.496052	0.861062	0.529123	0.323575	0.893575	0.890387	0.403158	0.711789	0.368070	0.205846	0.931521	0.322979	0.720791	0.847156	0.983764	0.850441	0.865573	0.861218	0.779648	0.847055	0.863299	0.946011	0.858806	0.908002	0.928038	0.880782	0.892010	0.784019	0.943204	0.903245	0.879263	0.503403	0.939474	0.653844	1.000000	0.900644	0.968892	0.689280	0.972239	0.000727	0.552940	-0.084043	0.465113	0.375081	0.402957	0.001763	0.241390	0.090698	-0.018071	0.129455	0.028280	0.104846	0.452893	0.467092	0.120088	-0.132631	0.449970	-0.265973	0.247726	0.002698	-0.077682	0.121342	-0.322835	-0.420311	-0.031620	-0.231687	0.101584	0.084105	-0.076017	0.418214	-0.539533	0.090911	0.145729	0.219244	-0.114586	-0.253565	0.106376	-0.030286	-0.064906	0.004041	-0.130273	0.000203	0.042793	-0.085481	-0.454204	-0.157791
0.000090	0.718918	0.713718	0.372821	0.642948	0.376375	0.754576	0.402522	0.212513	0.775059	0.828130	0.288127	0.578617	0.256592	0.107223	0.822767	0.222973	0.649649	0.801773	0.906761	0.823147	0.769299	0.787365	0.711396	0.845118	0.788451	0.856051	0.768343	0.846158	0.802716	0.863729	0.855562	0.657912	0.883554	0.858009	0.799725	0.372414	0.827621	0.534406	0.900644	1.000000	0.870291	0.699406	0.871737	0.072039	0.600854	-0.061259	0.446978	0.314900	0.385773	-0.019177	0.238384	0.092700	-0.026356	0.142558	0.059411	0.062516	0.399034	0.385495	0.063857	-0.135428	0.357891	-0.204798	0.298964	0.028810	-0.061458	0.130429	-0.268018	-0.358416	-0.014378	-0.172546	0.136772	0.108795	-0.047097	0.420948	-0.502600	0.114302	0.144897	0.224654	-0.058137	-0.219097	0.090092	-0.033460	-0.036592	0.007653	-0.103620	0.026364	0.060481	-0.064359	-0.434354	-0.154135
0.000129	0.913188	0.876825	0.559667	0.827908	0.591204	0.895787	0.627811	0.434650	0.925636	0.846645	0.507972	0.756874	0.465795	0.321583	0.969684	0.411077	0.712885	0.823385	0.959988	0.816652	0.899889	0.871277	0.795870	0.767047	0.875241	0.948991	0.885541	0.902717	0.946637	0.822999	0.835680	0.842953	0.909240	0.849838	0.876829	0.609258	0.971126	0.730766	0.968892	0.870291	1.000000	0.604264	0.986089	-0.114316	0.447326	-0.162912	0.412608	0.419238	0.401136	0.064330	0.220045	0.097622	0.034523	0.079708	-0.071122	0.158543	0.433507	0.499660	0.205673	-0.167371	0.521932	-0.368120	0.138298	-0.085016	-0.133391	0.074091	-0.421583	-0.513463	-0.111825	-0.341971	-0.007048	-0.008479	-0.155024	0.357105	-0.586565	-0.003960	0.086084	0.134131	-0.233540	-0.323672	0.117871	-0.062724	-0.046631	-0.081454	-0.205588	-0.087360	-0.027874	-0.168468	-0.465097	-0.211985
-0.000062	0.361476	0.376254	0.028464	0.282901	0.001693	0.433078	0.021076	-0.154498	0.475748	0.687673	-0.078574	0.231704	-0.096723	-0.237068	0.516121	-0.110556	0.492018	0.665506	0.711140	0.719863	0.471949	0.571819	0.525526	0.861334	0.568815	0.626969	0.494264	0.648270	0.494942	0.822956	0.790512	0.319293	0.734402	0.776092	0.585220	-0.024721	0.526077	0.168878	0.689280	0.699406	0.604264	1.000000	0.605738	0.429270	0.795372	0.109812	0.449092	0.109853	0.330542	-0.157172	0.257690	0.078961	-0.118938	0.234929	0.276599	-0.117031	0.272278	0.138669	-0.192790	-0.078288	0.048206	0.124883	0.562448	0.210573	0.059799	0.212357	0.035999	-0.030451	0.138195	0.155459	0.375436	0.303459	0.149296	0.492755	-0.331519	0.296453	0.220184	0.348539	0.258833	-0.026553	0.029581	0.002013	0.001571	0.138123	0.068387	0.217929	0.199941	0.112409	-0.379864	-0.067522
-0.000610	0.917376	0.885403	0.565918	0.835630	0.596024	0.901880	0.632600	0.439356	0.931916	0.849912	0.511951	0.764186	0.469925	0.323146	0.971403	0.414049	0.706847	0.822617	0.961600	0.813512	0.902397	0.868793	0.788870	0.765653	0.871860	0.950864	0.884607	0.900209	0.954561	0.820422	0.839636	0.850198	0.911813	0.848739	0.876493	0.615454	0.973114	0.735932	0.972239	0.871737	0.986089	0.605738	1.000000	-0.112206	0.448863	-0.149708	0.423682	0.423370	0.405326	0.064052	0.229082	0.102338	0.033062	0.090575	-0.061009	0.160184	0.446483	0.507720	0.205270	-0.155448	0.523678	-0.362599	0.143658	-0.074322	-0.122712	0.084696	-0.414903	-0.510518	-0.099498	-0.333693	0.005092	0.004340	-0.145595	0.368849	-0.582593	0.007873	0.102979	0.150677	-0.227804	-0.313930	0.123015	-0.051343	-0.048944	-0.066773	-0.192911	-0.074202	-0.014816	-0.155203	-0.464972	-0.197827
0.000689	-0.344517	-0.317233	-0.517027	-0.392803	-0.569954	-0.262507	-0.568014	-0.646380	-0.239350	0.072346	-0.605637	-0.405272	-0.599872	-0.671486	-0.203799	-0.573279	-0.033849	0.060929	0.031309	0.150083	-0.226325	-0.088433	-0.055970	0.347346	-0.083573	-0.076577	-0.186913	-0.018665	-0.222558	0.263876	0.207601	-0.368025	0.078289	0.193328	-0.066171	-0.613856	-0.194132	-0.465429	0.000727	0.072039	-0.114316	0.429270	-0.112206	1.000000	0.580377	0.345252	0.183075	-0.290975	0.032033	-0.304020	0.109843	0.000438	-0.210185	0.248707	0.484355	-0.351698	-0.111127	-0.341581	-0.511440	0.073409	-0.465650	0.635904	0.662928	0.412584	0.233933	0.231506	0.577027	0.605791	0.338434	0.649017	0.557072	0.465382	0.400719	0.299633	0.192714	0.450049	0.217289	0.369606	0.649764	0.334342	-0.095702	0.066752	0.044546	0.292650	0.339790	0.417457	0.320216	0.365873	-0.063422	0.140799
0.000753	0.177001	0.205339	-0.125788	0.107073	-0.169012	0.267745	-0.156772	-0.320347	0.303674	0.583431	-0.243201	0.067546	-0.251172	-0.388959	0.349253	-0.250686	0.393909	0.556483	0.582582	0.633840	0.314359	0.443911	0.423786	0.806593	0.447508	0.472355	0.338616	0.517198	0.327722	0.746526	0.711502	0.149776	0.622665	0.686589	0.452084	-0.206952	0.358339	-0.006788	0.552940	0.600854	0.447326	0.795372	0.448863	0.580377	1.000000	0.175161	0.428661	0.011746	0.290272	-0.211304	0.244017	0.071549	-0.149955	0.263602	0.366386	-0.186571	0.198374	0.019659	-0.292749	-0.045727	-0.087561	0.274267	0.637850	0.280284	0.120432	0.238491	0.186896	0.135749	0.198339	0.303659	0.462749	0.374499	0.236487	0.495900	-0.225243	0.353907	0.242496	0.383947	0.393765	0.067602	-0.000142	0.025430	0.021055	0.187467	0.145755	0.288010	0.246746	0.190465	-0.331182	-0.016157
-0.000153	-0.270278	-0.133875	-0.158076	-0.185349	-0.306142	-0.184756	-0.313325	-0.337302	-0.179984	-0.048559	-0.308868	-0.146199	-0.237667	-0.311801	-0.191222	-0.174449	-0.216387	-0.037835	-0.075714	-0.045021	-0.192552	-0.205887	-0.273039	0.027101	-0.201870	-0.126425	-0.188217	-0.129984	-0.140181	-0.014785	0.028363	-0.240196	-0.035886	-0.050217	-0.147667	-0.329442	-0.186634	-0.265402	-0.084043	-0.061259	-0.162912	0.109812	-0.149708	0.345252	0.175161	1.000000	0.356045	-0.014706	0.103166	0.080250	0.255962	0.236933	0.081750	0.444781	0.585118	0.087248	0.195350	0.024507	-0.111509	0.619042	-0.200474	0.501971	0.480908	0.688711	0.542888	0.507657	0.616997	0.480916	0.695150	0.633690	0.686979	0.632527	0.596268	0.380944	0.366183	0.636081	0.535674	0.629871	0.665999	0.587349	0.267847	0.557664	0.051955	0.724668	0.651084	0.710828	0.610573	0.729005	0.146228	0.656861
