1.000000	0.000206	-0.000073	-0.000111	-0.000436	0.000168	-0.000309	-0.000344	-0.000099	-0.000231	0.000364	-0.000385	0.000623	-0.000718	0.000017	0.000513	-0.000447	0.000312	-0.000121	-0.000152	-0.000072	-0.000072	-0.000001	0.000272	-0.000248	-0.000344	-0.000219	0.000553	-0.000211	-0.000011	-0.000122	-0.000002	-0.000139	-0.000308	0.000462	0.000625	0.000320	-0.000277	0.000341	0.000129	-0.000361	0.000266	0.000073	-0.000026	-0.000367	-0.000609	0.000471	0.000055	-0.000314	0.000076	-0.000131	-0.000189	-0.000166	-0.000600	0.001018	0.000109	-0.000736	-0.001221	-0.001010	-0.001071	0.000723	-0.000138	-0.000934	-0.000144	0.000786	-0.000599	-0.000458	-0.000386	-0.000840	0.000136	0.000479	-0.000226	0.000572	0.000666	0.000180	0.000264	-0.000081	0.000017	0.000100	-0.000477	0.001147	-0.000256	-0.000349	0.000155	0.000555	-0.000097	0.000185	0.000489	0.000212	-0.000190	-0.000168
0.000206	1.000000	0.919702	0.793013	0.929788	0.878204	0.877964	0.906366	0.800850	0.894929	0.612810	0.846899	0.874449	0.815927	0.757387	0.944139	0.720487	0.663176	0.546905	0.802543	0.487383	0.822405	0.793583	0.749459	0.504234	0.794994	0.848752	0.827392	0.660503	0.956072	0.563607	0.527292	0.928285	0.683835	0.702411	0.753294	0.880671	0.937813	0.861453	0.814183	0.591712	0.911310	0.151963	0.900184	-0.512432	-0.029194	-0.400148	0.166387	0.528951	0.252993	0.249218	0.014009	0.037343	0.156393	-0.158990	-0.353836	0.333380	0.420674	0.615337	0.520745	-0.238736	0.716485	-0.662375	-0.342156	-0.346002	-0.303635	-0.129036	-0.687964	-0.748020	-0.308366	-0.657328	-0.400732	-0.351757	-0.404483	0.090662	-0.604558	-0.340261	-0.166836	-0.213947	-0.516775	-0.491201	0.138803	-0.117938	-0.074219	-0.311744	-0.437586	-0.389787	-0.298602	-0.419955	-0.172805	-0.276121
-0.000073	0.919702	1.000000	0.899111	0.957346	0.867315	0.889923	0.869916	0.768882	0.900100	0.665420	0.842065	0.968141	0.866967	0.755376	0.914651	0.814194	0.635955	0.584509	0.821997	0.520415	0.821584	0.766273	0.702932	0.546326	0.764917	0.849298	0.807427	0.679993	0.966198	0.589509	0.576281	0.903594	0.720306	0.717886	0.751567	0.829785	0.912746	0.841885	0.842127	0.626648	0.887277	0.204601	0.883331	-0.459393	0.038205	-0.255051	0.349613	0.647442	0.373847	0.342780	0.139165	0.134496	0.232324	-0.018284	-0.186307	0.469970	0.607682	0.783493	0.619878	-0.078887	0.804067	-0.552929	-0.257082	-0.179140	-0.166879	0.012303	-0.583587	-0.677265	-0.161392	-0.546254	-0.252974	-0.211494	-0.262876	0.239222	-0.553365	-0.216516	-0.020916	-0.059955	-0.378917	-0.354539	0.306846	0.061683	-0.019516	-0.132831	-0.302332	-0.226006	-0.145277	-0.261747	-0.191493	-0.130803
-0.000111	0.793013	0.899111	1.000000	0.871379	0.814808	0.736481	0.817855	0.756955	0.737199	0.479780	0.832959	0.896561	0.881955	0.782128	0.754983	0.858829	0.470231	0.416657	0.628099	0.344498	0.655138	0.579570	0.515693	0.339146	0.576527	0.664381	0.655130	0.490472	0.833288	0.379330	0.381359	0.768761	0.526498	0.511241	0.565626	0.817094	0.748942	0.760558	0.652581	0.438144	0.708632	0.039723	0.701517	-0.522090	-0.106739	-0.189253	0.347195	0.659648	0.378899	0.451970	0.173402	0.209038	0.331685	0.029221	-0.152582	0.577961	0.609658	0.788145	0.701722	0.052178	0.794866	-0.504466	-0.317985	-0.127745	-0.087567	0.064378	-0.523776	-0.626543	-0.119944	-0.513829	-0.244139	-0.189258	-0.203255	0.221719	-0.445687	-0.203858	0.026216	-0.049185	-0.371138	-0.264680	0.402640	0.184133	0.059109	-0.074668	-0.218361	-0.171323	-0.089483	-0.186806	-0.109727	-0.034723
-0.000436	0.929788	0.957346	0.871379	1.000000	0.885204	0.874117	0.889733	0.801170	0.884139	0.592323	0.870982	0.935696	0.880124	0.786904	0.919462	0.832286	0.568177	0.531593	0.782612	0.473973	0.805502	0.742804	0.688891	0.485495	0.741450	0.822915	0.791161	0.645423	0.934473	0.542331	0.521478	0.903910	0.677099	0.647637	0.709752	0.863841	0.912061	0.842452	0.799139	0.579837	0.872479	0.144395	0.864310	-0.501912	-0.025087	-0.304237	0.329421	0.678524	0.420793	0.409963	0.171079	0.198247	0.315674	-0.010657	-0.236781	0.503523	0.573326	0.765002	0.660396	-0.078418	0.835117	-0.576805	-0.329969	-0.225111	-0.173099	0.019371	-0.625208	-0.715971	-0.220379	-0.601833	-0.314663	-0.252200	-0.284689	0.247745	-0.588502	-0.285298	-0.044215	-0.113281	-0.466559	-0.384034	0.341258	0.069372	0.055765	-0.209047	-0.327926	-0.259777	-0.163146	-0.298496	-0.233360	-0.164875
0.000168	0.878204	0.867315	0.814808	0.885204	1.000000	0.748679	0.873410	0.829955	0.750243	0.418888	0.881255	0.837421	0.866502	0.825954	0.801516	0.819986	0.495804	0.368379	0.615768	0.303934	0.668067	0.618583	0.573738	0.291990	0.611012	0.673250	0.679462	0.472760	0.843863	0.353296	0.323476	0.808869	0.490448	0.496159	0.571897	0.902824	0.790770	0.811689	0.634414	0.403152	0.740903	-0.031486	0.726408	-0.605743	-0.195605	-0.352338	0.168955	0.591344	0.291047	0.396083	0.061597	0.137664	0.291357	-0.107964	-0.332383	0.474704	0.445925	0.663216	0.654751	-0.110291	0.772170	-0.629700	-0.441549	-0.311606	-0.224409	-0.076444	-0.648205	-0.720110	-0.291770	-0.654050	-0.423848	-0.348670	-0.353381	0.079983	-0.506049	-0.361032	-0.130297	-0.227823	-0.548502	-0.413743	0.262862	0.013980	0.028066	-0.276091	-0.364680	-0.350708	-0.247924	-0.359131	-0.096534	-0.184778
-0.000309	0.877964	0.889923	0.736481	0.874117	0.748679	1.000000	0.749962	0.593447	0.945191	0.789471	0.685151	0.863205	0.685479	0.562376	0.947735	0.620887	0.697981	0.709575	0.925259	0.676431	0.897152	0.860345	0.808620	0.732556	0.867803	0.938349	0.864828	0.830985	0.923169	0.775511	0.748447	0.900766	0.865428	0.834549	0.843630	0.659776	0.950466	0.776510	0.930115	0.782232	0.950838	0.386760	0.951367	-0.322450	0.222657	-0.285189	0.368896	0.566208	0.389378	0.227256	0.142338	0.100610	0.154042	-0.015987	-0.173443	0.330874	0.539156	0.663109	0.451958	-0.168911	0.688819	-0.513817	-0.151154	-0.186428	-0.203088	0.002530	-0.574488	-0.648618	-0.177779	-0.510155	-0.206749	-0.181168	-0.264674	0.297162	-0.616040	-0.195923	-0.041327	-0.040446	-0.331166	-0.389569	0.219604	-0.029106	-0.034462	-0.180548	-0.330821	-0.223257	-0.153950	-0.288624	-0.312015	-0.212548
-0.000344	0.906366	0.869916	0.817855	0.889733	0.873410	0.749962	1.000000	0.843914	0.761011	0.426659	0.889289	0.836054	0.869047	0.832427	0.820353	0.791558	0.518379	0.375006	0.629945	0.303372	0.676989	0.632059	0.589928	0.293274	0.629178	0.688611	0.696976	0.477273	0.860198	0.356205	0.323242	0.830391	0.497124	0.513225	0.586568	0.917162	0.809828	0.830522	0.645284	0.402348	0.760861	-0.045797	0.745122	-0.619919	-0.215038	-0.370508	0.121658	0.548566	0.245474	0.351319	0.019604	0.093457	0.255222	-0.147514	-0.365577	0.428799	0.408974	0.624558	0.613531	-0.142445	0.744571	-0.651742	-0.453404	-0.340739	-0.251412	-0.113113	-0.659433	-0.722680	-0.304454	-0.668354	-0.449321	-0.372993	-0.378630	0.035801	-0.501746	-0.369445	-0.155011	-0.248487	-0.564262	-0.433877	0.211697	-0.029306	-0.008985	-0.294090	-0.385505	-0.384577	-0.278750	-0.382515	-0.077698	-0.204848
-0.000099	0.800850	0.768882	0.756955	0.801170	0.829955	0.593447	0.843914	1.000000	0.601128	0.235204	0.869543	0.742199	0.853398	0.855332	0.670878	0.810633	0.379707	0.200918	0.439591	0.126687	0.519129	0.469838	0.434574	0.090593	0.461130	0.508653	0.547321	0.289122	0.732030	0.155230	0.125373	0.698333	0.297552	0.320011	0.416225	0.917538	0.655919	0.746446	0.458233	0.218463	0.593128	-0.205065	0.574141	-0.677827	-0.356980	-0.359243	0.046985	0.527305	0.202841	0.418228	0.001349	0.120709	0.308216	-0.159715	-0.387694	0.473155	0.346134	0.580845	0.667343	-0.093697	0.719295	-0.633378	-0.529497	-0.351235	-0.230604	-0.119706	-0.630279	-0.687786	-0.317061	-0.664135	-0.490139	-0.399328	-0.373852	-0.040881	-0.412103	-0.401891	-0.173104	-0.296924	-0.596461	-0.396012	0.234565	0.008745	0.035503	-0.303533	-0.357220	-0.393086	-0.281386	-0.369443	0.006690	-0.167725
-0.000231	0.894929	0.900100	0.737199	0.884139	0.750243	0.945191	0.761011	0.601128	1.000000	0.813526	0.684578	0.871347	0.683269	0.557957	0.967798	0.616186	0.708596	0.730779	0.947202	0.700842	0.919524	0.882487	0.824943	0.759069	0.887928	0.962460	0.883104	0.853936	0.938321	0.800599	0.778422	0.919783	0.890319	0.853488	0.865645	0.662586	0.970519	0.787376	0.952932	0.802699	0.972804	0.419245	0.973836	-0.308753	0.250396	-0.291611	0.380697	0.572315	0.401045	0.217734	0.156061	0.103311	0.145702	-0.010152	-0.172627	0.319749	0.547969	0.670266	0.447417	-0.180765	0.691748	-0.519736	-0.140249	-0.186817	-0.204713	0.009674	-0.587326	-0.665808	-0.182308	-0.515189	-0.201649	-0.178986	-0.265875	0.315684	-0.642776	-0.195357	-0.035953	-0.033934	-0.334173	-0.397625	0.217863	-0.037004	-0.034235	-0.184017	-0.337917	-0.221870	-0.152893	-0.294871	-0.331675	-0.222474
0.000364	0.612810	0.665420	0.479780	0.592323	0.418888	0.789471	0.426659	0.235204	0.813526	1.000000	0.325426	0.646888	0.341330	0.190971	0.755814	0.287933	0.740183	0.818040	0.906328	0.813669	0.811075	0.821032	0.772590	0.925210	0.829038	0.868436	0.757422	0.886037	0.728528	0.912112	0.903313	0.695429	0.919374	0.919169	0.839438	0.283132	0.770601	0.518825	0.905057	0.881532	0.825729	0.677172	0.841382	0.011392	0.560157	-0.153013	0.407668	0.354931	0.296234	-0.024200	0.117946	-0.029402	-0.071203	0.021457	0.030554	0.092348	0.490888	0.491150	0.149913	-0.210835	0.412279	-0.278023	0.168183	-0.026951	-0.155328	0.022341	-0.353964	-0.409171	-0.028381	-0.229269	0.048498	0.003325	-0.126857	0.336605	-0.531830	0.014240	0.019726	0.123356	-0.015392	-0.268036	0.074713	-0.088630	-0.150957	-0.020543	-0.220726	-0.064854	-0.056821	-0.158665	-0.349912	-0.181265
-0.000385	0.846899	0.842065	0.832959	0.870982	0.881255	0.685151	0.889289	0.869543	0.684578	0.325426	1.000000	0.817712	0.904296	0.871374	0.750421	0.865159	0.431832	0.290506	0.533272	0.226026	0.590805	0.545363	0.507733	0.190527	0.539992	0.597460	0.621241	0.387641	0.799439	0.257761	0.227683	0.764337	0.399197	0.404730	0.495253	0.932027	0.735612	0.796226	0.553348	0.315356	0.674365	-0.113773	0.658201	-0.639627	-0.271228	-0.349006	0.150282	0.617349	0.301620	0.475118	0.075022	0.177305	0.368923	-0.097103	-0.340533	0.520566	0.440365	0.670392	0.711381	-0.071967	0.801375	-0.622377	-0.490053	-0.313308	-0.208800	-0.057353	-0.642284	-0.711247	-0.297082	-0.659994	-0.447831	-0.361478	-0.344734	0.063643	-0.482174	-0.384939	-0.133185	-0.247610	-0.573042	-0.393774	0.312741	0.054122	0.074675	-0.284375	-0.352132	-0.352511	-0.243895	-0.353230	-0.074745	-0.168995
0.000623	0.874449	0.968141	0.896561	0.935696	0.837421	0.863205	0.836054	0.742199	0.871347	0.646888	0.817712	1.000000	0.853727	0.734759	0.880535	0.814366	0.602145	0.567234	0.795623	0.501438	0.794014	0.731981	0.668161	0.526999	0.727921	0.819709	0.777277	0.658144	0.932909	0.568035	0.558564	0.870979	0.700414	0.686201	0.720609	0.795689	0.879422	0.811067	0.815471	0.605585	0.852226	0.190697	0.848507	-0.450451	0.031559	-0.223581	0.385719	0.660986	0.405258	0.371167	0.174297	0.167525	0.261572	0.021818	-0.142863	0.497970	0.625840	0.796325	0.633363	-0.030060	0.801522	-0.518660	-0.246977	-0.140245	-0.129594	0.049970	-0.551104	-0.648020	-0.131676	-0.516758	-0.220745	-0.178467	-0.225401	0.273539	-0.524434	-0.192441	0.012799	-0.028865	-0.349005	-0.316622	0.347406	0.111564	0.006202	-0.095658	-0.261813	-0.186364	-0.105335	-0.222761	-0.188299	-0.095756
-0.000718	0.815927	0.866967	0.881955	0.880124	0.866502	0.685479	0.869047	0.853398	0.683269	0.341330	0.904296	0.853727	1.000000	0.878454	0.734479	0.904065	0.406726	0.307889	0.536698	0.232988	0.600374	0.529107	0.476244	0.201702	0.520451	0.593510	0.611927	0.392100	0.800215	0.261435	0.247279	0.753229	0.411144	0.401131	0.489228	0.907455	0.721933	0.774193	0.560170	0.325591	0.662430	-0.089953	0.648895	-0.611952	-0.240106	-0.269059	0.244233	0.666216	0.365003	0.515103	0.144081	0.233546	0.402553	-0.020943	-0.254904	0.612140	0.528395	0.739736	0.764841	0.022194	0.824843	-0.567254	-0.435935	-0.224446	-0.129885	0.016229	-0.586274	-0.676213	-0.212151	-0.599406	-0.362481	-0.281733	-0.268340	0.144574	-0.457546	-0.310303	-0.047850	-0.160546	-0.497738	-0.322587	0.399094	0.153153	0.106038	-0.187768	-0.276372	-0.259655	-0.158249	-0.261791	-0.086764	-0.085414
0.000017	0.757387	0.755376	0.782128	0.786904	0.825954	0.562376	0.832427	0.855332	0.557957	0.190971	0.871374	0.734759	0.878454	1.000000	0.626949	0.844713	0.327893	0.170095	0.389990	0.094680	0.478386	0.419284	0.383455	0.043604	0.406699	0.460698	0.507464	0.248206	0.696615	0.107066	0.083831	0.659549	0.253393	0.264522	0.370827	0.911043	0.610888	0.719673	0.411786	0.178743	0.543793	-0.230796	0.525457	-0.683578	-0.375398	-0.320266	0.087944	0.571524	0.242823	0.488489	0.046089	0.177012	0.381390	-0.108719	-0.348613	0.551999	0.385901	0.608285	0.711965	-0.024345	0.748398	-0.605193	-0.528395	-0.306450	-0.183178	-0.074666	-0.602691	-0.669836	-0.282760	-0.640117	-0.460697	-0.365351	-0.330294	-0.003645	-0.396169	-0.380966	-0.129656	-0.268019	-0.572510	-0.351645	0.311049	0.084234	0.084230	-0.262582	-0.316928	-0.345369	-0.235983	-0.324184	0.010605	-0.120568
0.000513	0.944139	0.914651	0.754983	0.919462	0.801516	0.947735	0.820353	0.670878	0.967798	0.755814	0.750421	0.880535	0.734479	0.626949	1.000000	0.659134	0.696571	0.682089	0.924671	0.652799	0.909177	0.876562	0.828327	0.693011	0.882078	0.948251	0.882584	0.816450	0.954409	0.747184	0.713976	0.943565	0.843388	0.817757	0.845262	0.738469	0.990266	0.823853	0.929953	0.753274	0.980668	0.343445	0.976186	-0.365583	0.171124	-0.336616	0.328063	0.581763	0.388368	0.252727	0.133566	0.110469	0.180824	-0.041057	-0.230374	0.336963	0.510712	0.658611	0.485039	-0.196222	0.720806	-0.559464	-0.207640	-0.239608	-0.231561	-0.020056	-0.624458	-0.697431	-0.232459	-0.566024	-0.266833	-0.232318	-0.304826	0.269903	-0.656908	-0.253237	-0.075225	-0.091708	-0.405789	-0.432829	0.212090	-0.052912	-0.016483	-0.243839	-0.372925	-0.271517	-0.193751	-0.337298	-0.323919	-0.252262
-0.000447	0.720487	0.814194	0.858829	0.832286	0.819986	0.620887	0.791558	0.810633	0.616186	0.287933	0.865159	0.814366	0.904065	0.844713	0.659134	1.000000	0.318039	0.268134	0.470931	0.200223	0.536409	0.456664	0.407182	0.159135	0.447325	0.523294	0.540513	0.345219	0.722130	0.216799	0.208752	0.674533	0.360061	0.325967	0.421628	0.839229	0.647182	0.707211	0.494307	0.284287	0.583558	-0.100442	0.571203	-0.578621	-0.234008	-0.198662	0.314267	0.717470	0.439607	0.609878	0.226515	0.321532	0.499682	0.066484	-0.177221	0.676763	0.563928	0.775872	0.822498	0.115087	0.844739	-0.482939	-0.407188	-0.139253	-0.052259	0.103489	-0.516357	-0.616662	-0.153034	-0.534009	-0.297182	-0.211743	-0.186715	0.219399	-0.423164	-0.267430	0.014952	-0.103314	-0.438430	-0.241644	0.504596	0.259944	0.186212	-0.122908	-0.199990	-0.174280	-0.075067	-0.182245	-0.113847	-0.021685
0.000312	0.663176	0.635955	0.470231	0.568177	0.495804	0.697981	0.518379	0.379707	0.708596	0.740183	0.431832	0.602145	0.406726	0.327893	0.696571	0.318039	1.000000	0.622405	0.761361	0.610203	0.700174	0.771648	0.756362	0.698673	0.768810	0.748276	0.694948	0.702244	0.717826	0.714403	0.645875	0.665080	0.707199	0.829499	0.751684	0.435080	0.711955	0.558192	0.758423	0.675107	0.749201	0.421897	0.750912	-0.164347	0.298744	-0.315700	0.070820	0.206695	0.030234	-0.088281	-0.177489	-0.231305	-0.164846	-0.268605	-0.203881	0.007364	0.242669	0.333032	0.136732	-0.385753	0.365817	-0.441166	-0.010738	-0.262197	-0.355850	-0.248473	-0.425976	-0.410878	-0.200516	-0.347739	-0.214505	-0.234560	-0.344465	-0.034879	-0.415937	-0.148659	-0.229205	-0.158211	-0.164634	-0.396337	-0.140519	-0.307644	-0.288048	-0.206371	-0.371443	-0.338142	-0.307793	-0.361250	-0.127645	-0.311236
-0.000121	0.546905	0.584509	0.416657	0.531593	0.368379	0.709575	0.375006	0.200918	0.730779	0.818040	0.290506	0.567234	0.307889	0.170095	0.682089	0.268134	0.622405	1.000000	0.814676	0.755431	0.739196	0.734120	0.689791	0.842698	0.736943	0.786207	0.699381	0.819905	0.647537	0.837823	0.834148	0.621996	0.840468	0.812951	0.759779	0.246014	0.694186	0.451870	0.810233	0.814568	0.747327	0.652093	0.761397	0.033564	0.545707	-0.114122	0.416246	0.356449	0.326692	0.024978	0.157285	0.031036	-0.016066	0.072530	0.047202	0.114098	0.438767	0.455551	0.156496	-0.155109	0.375836	-0.248089	0.160171	0.006927	-0.115797	0.073942	-0.313902	-0.373216	0.010838	-0.195182	0.075076	0.033386	-0.094538	0.372555	-0.511324	0.037609	0.050724	0.155598	0.015844	-0.231699	0.121416	-0.039411	-0.088400	-0.001238	-0.177526	-0.026334	-0.016052	-0.122922	-0.357875	-0.145705
-0.000152	0.802543	0.821997	0.628099	0.782612	0.615768	0.925259	0.629945	0.439591	0.947202	0.906328	0.533272	0.795623	0.536698	0.389990	0.924671	0.470931	0.761361	0.814676	1.000000	0.799929	0.922891	0.908727	0.860563	0.888625	0.918253	0.975882	0.872393	0.928071	0.882221	0.914932	0.888192	0.860212	0.961097	0.942228	0.908903	0.495774	0.934964	0.685395	0.991594	0.892323	0.965434	0.572190	0.972619	-0.144536	0.422658	-0.239789	0.406139	0.485665	0.373041	0.101815	0.139886	0.043534	0.042487	0.003927	-0.089655	0.206034	0.514975	0.594685	0.303308	-0.215131	0.578442	-0.416837	0.016912	-0.123426	-0.195501	0.014787	-0.488704	-0.552468	-0.119384	-0.390439	-0.087542	-0.097258	-0.211574	0.346269	-0.618836	-0.101759	-0.016942	0.039663	-0.189604	-0.358609	0.146341	-0.077746	-0.087638	-0.127664	-0.300756	-0.157914	-0.116001	-0.247012	-0.374661	-0.227745
-0.000072	0.487383	0.520415	0.344498	0.473973	0.303934	0.676431	0.303372	0.126687	0.700842	0.813669	0.226026	0.501438	0.232988	0.094680	0.652799	0.200223	0.610203	0.755431	0.799929	1.000000	0.706685	0.731352	0.699074	0.871378	0.736281	0.766315	0.646392	0.827323	0.584964	0.867289	0.850063	0.573793	0.837521	0.802880	0.741888	0.168297	0.662226	0.399439	0.795711	0.835595	0.721137	0.694152	0.735590	0.125134	0.607244	-0.142131	0.421206	0.341178	0.356065	0.002793	0.181237	0.044567	-0.018689	0.081304	0.049200	0.077304	0.416888	0.409751	0.110242	-0.203577	0.348835	-0.209830	0.208904	-0.015078	-0.125883	0.068243	-0.312825	-0.358339	-0.040852	-0.184382	0.074294	0.034552	-0.090251	0.406199	-0.541345	0.004715	0.029565	0.126414	0.001486	-0.249900	0.101718	-0.078687	-0.054144	-0.060859	-0.203179	-0.029472	-0.020378	-0.147737	-0.422202	-0.203126
-0.000072	0.822405	0.821584	0.655138	0.805502	0.668067	0.897152	0.676989	0.519129	0.919524	0.811075	0.590805	0.794014	0.600374	0.478386	0.909177	0.536409	0.700174	0.739196	0.922891	0.706685	1.000000	0.866324	0.809934	0.782737	0.869073	0.927778	0.848548	0.857850	0.871001	0.820382	0.790924	0.858510	0.882996	0.849483	0.849877	0.573522	0.915398	0.689448	0.922830	0.813065	0.930199	0.458556	0.932725	-0.256783	0.304418	-0.282477	0.365718	0.519112	0.378158	0.176403	0.139199	0.078688	0.114525	-0.015400	-0.160102	0.269461	0.499504	0.604026	0.383294	-0.203332	0.621858	-0.485930	-0.090957	-0.181212	-0.208733	-0.001712	-0.554568	-0.621912	-0.174475	-0.474656	-0.176085	-0.161773	-0.256061	0.311054	-0.622998	-0.174124	-0.043853	-0.026602	-0.291907	-0.388575	0.178813	-0.061611	-0.043083	-0.182338	-0.328254	-0.212038	-0.150837	-0.288207	-0.337921	-0.234910
-0.000001	0.793583	0.766273	0.579570	0.742804	0.618583	0.860345	0.632059	0.469838	0.882487	0.821032	0.545363	0.731981	0.529107	0.419284	0.876562	0.456664	0.771648	0.734120	0.908727	0.731352	0.866324	1.000000	0.847919	0.803907	0.884938	0.904800	0.827893	0.852564	0.833703	0.841260	0.790992	0.824820	0.871367	0.881491	0.865907	0.527253	0.882946	0.673656	0.906141	0.811200	0.908453	0.491936	0.910620	-0.210871	0.346035	-0.331368	0.256926	0.420977	0.273482	0.081774	0.029592	-0.023126	0.024463	-0.114989	-0.203309	0.162758	0.402806	0.503895	0.291937	-0.309069	0.550252	-0.492375	-0.072689	-0.244269	-0.288383	-0.104116	-0.542787	-0.576921	-0.226043	-0.460674	-0.218683	-0.216998	-0.312753	0.199220	-0.604208	-0.204021	-0.139051	-0.099031	-0.276708	-0.441637	0.056420	-0.180901	-0.118375	-0.242012	-0.385293	-0.289381	-0.233767	-0.360190	-0.317765	-0.306276
0.000272	0.749459	0.702932	0.515693	0.688891	0.573738	0.808620	0.589928	0.434574	0.824943	0.772590	0.507733	0.668161	0.476244	0.383455	0.828327	0.407182	0.756362	0.689791	0.860563	0.699074	0.809934	0.847919	1.000000	0.771245	0.854213	0.850515	0.774516	0.820946	0.774122	0.809957	0.742856	0.775705	0.812465	0.842785	0.827861	0.489295	0.836340	0.631121	0.852786	0.767139	0.861356	0.469552	0.861286	-0.187162	0.345276	-0.384014	0.181426	0.366237	0.225986	0.040585	-0.026998	-0.064056	-0.007804	-0.169507	-0.251004	0.112263	0.322446	0.430160	0.245253	-0.371641	0.507402	-0.490721	-0.083814	-0.296883	-0.338819	-0.157694	-0.541144	-0.544681	-0.277920	-0.469162	-0.262439	-0.262473	-0.354761	0.132630	-0.574636	-0.249823	-0.208849	-0.172867	-0.297172	-0.476389	-0.000726	-0.247998	-0.140430	-0.307452	-0.427807	-0.346814	-0.292234	-0.411967	-0.304982	-0.369279
-0.000248	0.504234	0.546326	0.339146	0.485495	0.291990	0.732556	0.293274	0.090593	0.759069	0.925210	0.190527	0.526999	0.201702	0.043604	0.693011	0.159135	0.698673	0.842698	0.888625	0.871378	0.782737	0.803907	0.771245	1.000000	0.814441	0.838734	0.712394	0.916740	0.623541	0.975569	0.957142	0.614006	0.935330	0.913069	0.827914	0.130155	0.710271	0.407742	0.880396	0.922587	0.779421	0.795379	0.798504	0.155963	0.695591	-0.140804	0.430595	0.313336	0.333363	-0.066960	0.148941	-0.010988	-0.088871	0.057048	0.062504	0.020685	0.427990	0.404637	0.050665	-0.241802	0.329104	-0.202545	0.262633	-0.008073	-0.146464	0.048370	-0.299451	-0.339227	-0.026126	-0.160212	0.103135	0.048126	-0.092175	0.401551	-0.546069	0.040515	0.024628	0.147624	0.045039	-0.258375	0.053066	-0.117293	-0.114784	-0.040084	-0.208661	-0.029120	-0.031953	-0.148572	-0.438557	-0.218742
-0.000344	0.794994	0.764917	0.576527	0.741450	0.611012	0.867803	0.629178	0.461130	0.887928	0.829038	0.539992	0.727921	0.520451	0.406699	0.882078	0.447325	0.768810	0.736943	0.918253	0.736281	0.869073	0.884938	0.854213	0.814441	1.000000	0.913399	0.833383	0.863296	0.834276	0.848779	0.797318	0.829922	0.877181	0.889151	0.871630	0.518768	0.889530	0.677138	0.914052	0.821500	0.916199	0.500161	0.918055	-0.199168	0.359303	-0.327369	0.257260	0.420088	0.272234	0.072414	0.030883	-0.023894	0.015644	-0.115383	-0.201307	0.155586	0.394615	0.498829	0.281482	-0.314171	0.540481	-0.489327	-0.061026	-0.242040	-0.286489	-0.101512	-0.536850	-0.568962	-0.223299	-0.453319	-0.204040	-0.211375	-0.310631	0.202550	-0.607093	-0.195462	-0.135748	-0.093192	-0.269808	-0.437148	0.053590	-0.183262	-0.123139	-0.239378	-0.386688	-0.285581	-0.232121	-0.356412	-0.323266	-0.308753
-0.000219	0.848752	0.849298	0.664381	0.822915	0.673250	0.938349	0.688611	0.508653	0.962460	0.868436	0.597460	0.819709	0.593510	0.460698	0.948251	0.523294	0.748276	0.786207	0.975882	0.766315	0.927778	0.904800	0.850515	0.838734	0.913399	1.000000	0.882036	0.901123	0.907002	0.873499	0.844482	0.892775	0.936329	0.911405	0.898648	0.568805	0.955159	0.736193	0.976971	0.860012	0.974893	0.508444	0.979090	-0.223795	0.342880	-0.271752	0.376025	0.510918	0.367458	0.142356	0.128845	0.053342	0.077510	-0.019742	-0.142677	0.242403	0.511213	0.610999	0.355172	-0.214327	0.617375	-0.480284	-0.056190	-0.167696	-0.214362	-0.005312	-0.544312	-0.609709	-0.156337	-0.454832	-0.152200	-0.146377	-0.250875	0.314026	-0.631879	-0.149496	-0.038261	-0.004258	-0.262180	-0.388599	0.158299	-0.078717	-0.073944	-0.163589	-0.329068	-0.204868	-0.147822	-0.282955	-0.349975	-0.234903
0.000553	0.827392	0.807427	0.655130	0.791161	0.679462	0.864828	0.696976	0.547321	0.883104	0.757422	0.621241	0.777277	0.611927	0.507464	0.882584	0.540513	0.694948	0.699381	0.872393	0.646392	0.848548	0.827893	0.774516	0.712394	0.833383	0.882036	1.000000	0.794026	0.859414	0.752349	0.718966	0.839487	0.823509	0.810666	0.812114	0.609318	0.886433	0.717148	0.874209	0.751663	0.896521	0.391242	0.895340	-0.293800	0.230861	-0.298906	0.288685	0.481265	0.306468	0.159932	0.074818	0.036439	0.088777	-0.073652	-0.206252	0.247804	0.448105	0.571430	0.377959	-0.221379	0.602358	-0.522392	-0.130559	-0.217809	-0.239446	-0.050064	-0.565095	-0.623544	-0.195816	-0.498440	-0.224978	-0.204705	-0.290494	0.221603	-0.586057	-0.195150	-0.089045	-0.076430	-0.316207	-0.408590	0.136972	-0.095090	-0.078708	-0.199648	-0.350361	-0.261197	-0.196801	-0.316935	-0.270256	-0.238562
-0.000211	0.660503	0.679993	0.490472	0.645423	0.472760	0.830985	0.477273	0.289122	0.853936	0.886037	0.387641	0.658144	0.392100	0.248206	0.816450	0.345219	0.702244	0.819905	0.928071	0.827323	0.857850	0.852564	0.820946	0.916740	0.863296	0.901123	0.794026	1.000000	0.745490	0.932456	0.907017	0.742726	0.938831	0.894870	0.854516	0.337044	0.826521	0.556284	0.920175	0.899470	0.872310	0.658824	0.883187	-0.038185	0.526259	-0.223718	0.423131	0.436674	0.394906	0.070263	0.167756	0.056269	0.032849	0.036245	-0.049826	0.156368	0.473169	0.513759	0.224890	-0.227931	0.487917	-0.347588	0.090221	-0.095781	-0.178427	0.035710	-0.444105	-0.498154	-0.109514	-0.331815	-0.037197	-0.053331	-0.174454	0.390811	-0.613398	-0.078438	-0.009669	0.061019	-0.131946	-0.332985	0.133933	-0.086316	-0.055931	-0.129864	-0.276119	-0.120985	-0.088393	-0.228160	-0.422269	-0.240298
-0.000011	0.956072	0.966198	0.833288	0.934473	0.843863	0.923169	0.860198	0.732030	0.938321	0.728528	0.799439	0.932909	0.800215	0.696615	0.954409	0.722130	0.717826	0.647537	0.882221	0.584964	0.871001	0.833703	0.774122	0.623541	0.834276	0.907002	0.859414	0.745490	1.000000	0.668016	0.645891	0.933485	0.783783	0.801941	0.815412	0.803045	0.955810	0.844875	0.895785	0.692509	0.944044	0.272937	0.940856	-0.424781	0.099537	-0.292619	0.300151	0.565272	0.310888	0.238123	0.075960	0.053159	0.134487	-0.074838	-0.219672	0.357287	0.534005	0.699505	0.514284	-0.166318	0.729349	-0.580904	-0.214993	-0.219982	-0.227252	-0.047918	-0.604846	-0.684549	-0.188447	-0.553658	-0.259761	-0.233463	-0.309669	0.198902	-0.581934	-0.216575	-0.065327	-0.078269	-0.370386	-0.410303	0.197023	-0.038275	-0.092677	-0.170156	-0.349467	-0.269264	-0.195592	-0.310130	-0.195364	-0.190115
-0.000122	0.563607	0.589509	0.379330	0.542331	0.353296	0.775511	0.356205	0.155230	0.800599	0.912112	0.257761	0.568035	0.261435	0.107066	0.747184	0.216799	0.714403	0.837823	0.914932	0.867289	0.820382	0.841260	0.809957	0.975569	0.848779	0.873499	0.752349	0.932456	0.668016	1.000000	0.946207	0.664974	0.946319	0.922773	0.846352	0.195265	0.763797	0.458337	0.904457	0.925445	0.824486	0.754986	0.840067	0.102935	0.643721	-0.181170	0.414151	0.351034	0.352145	-0.023112	0.145359	0.008345	-0.045923	0.037155	0.011521	0.057804	0.420256	0.425542	0.102534	-0.253958	0.381582	-0.249166	0.205429	-0.052089	-0.171257	0.032631	-0.347538	-0.380686	-0.064015	-0.216311	0.044112	0.003246	-0.131845	0.390553	-0.569121	-0.010976	-0.004713	0.101789	-0.016965	-0.298169	0.069225	-0.124192	-0.093745	-0.090234	-0.242357	-0.075980	-0.065010	-0.190436	-0.447983	-0.245027
-0.000002	0.527292	0.576281	0.381359	0.521478	0.323476	0.748447	0.323242	0.125373	0.778422	0.903313	0.227683	0.558564	0.247279	0.083831	0.713976	0.208752	0.645875	0.834148	0.888192	0.850063	0.790924	0.790992	0.742856	0.957142	0.797318	0.844482	0.718966	0.907017	0.645891	0.946207	1.000000	0.636050	0.936477	0.879232	0.811965	0.164518	0.728592	0.433860	0.883349	0.909395	0.789770	0.775033	0.809969	0.134401	0.681380	-0.096444	0.503643	0.372159	0.401657	-0.003092	0.227857	0.063882	-0.024434	0.130734	0.101061	0.088795	0.487662	0.463998	0.108918	-0.161853	0.367273	-0.195987	0.257910	0.043989	-0.087986	0.123768	-0.297423	-0.363387	0.017543	-0.158510	0.144071	0.093128	-0.047839	0.480093	-0.561703	0.066175	0.097394	0.206940	0.047503	-0.218044	0.136580	-0.033641	-0.058149	0.008066	-0.166472	0.031166	0.033992	-0.096398	-0.458531	-0.162053
-0.000139	0.928285	0.903594	0.768761	0.903910	0.808869	0.900766	0.830391	0.698333	0.919783	0.695429	0.764337	0.870979	0.753229	0.659549	0.943565	0.674533	0.665080	0.621996	0.860212	0.573793	0.858510	0.824820	0.775705	0.614006	0.829922	0.892775	0.839487	0.742726	0.933485	0.664974	0.636050	1.000000	0.773600	0.759083	0.796442	0.765182	0.942288	0.821081	0.868322	0.678330	0.926409	0.262933	0.921729	-0.429482	0.097204	-0.330884	0.277249	0.558445	0.334245	0.252398	0.093926	0.086746	0.169139	-0.072710	-0.258422	0.341857	0.488969	0.647025	0.495628	-0.182328	0.709425	-0.586280	-0.250581	-0.257823	-0.234779	-0.049884	-0.628616	-0.701256	-0.235600	-0.584133	-0.299831	-0.259021	-0.324772	0.207967	-0.604125	-0.264790	-0.088117	-0.116935	-0.427028	-0.428616	0.195719	-0.053237	-0.038714	-0.234897	-0.370912	-0.296707	-0.212608	-0.343057	-0.244984	-0.227761
-0.000308	0.683835	0.720306	0.526498	0.677099	0.490448	0.865428	0.497124	0.297552	0.890319	0.919374	0.399197	0.700414	0.411144	0.253393	0.843388	0.360061	0.707199	0.840468	0.961097	0.837521	0.882996	0.871367	0.812465	0.935330	0.877181	0.936329	0.823509	0.938831	0.783783	0.946319	0.936477	0.773600	1.000000	0.921834	0.878522	0.346479	0.855713	0.583665	0.957142	0.920032	0.899649	0.667746	0.912974	-0.036300	0.536930	-0.171801	0.467254	0.452656	0.402815	0.069488	0.193549	0.067327	0.028649	0.070432	-0.004513	0.169907	0.521382	0.553523	0.228801	-0.179471	0.497897	-0.328740	0.116573	-0.044742	-0.137969	0.074229	-0.414179	-0.483383	-0.054477	-0.299528	0.013197	-0.010307	-0.137730	0.422995	-0.598145	-0.025256	0.043894	0.121467	-0.092504	-0.294208	0.161098	-0.043140	-0.062613	-0.062241	-0.235934	-0.070204	-0.042469	-0.174672	-0.419887	-0.188031
0.000462	0.702411	0.717886	0.511241	0.647637	0.496159	0.834549	0.513225	0.320011	0.853488	0.919169	0.404730	0.686201	0.401131	0.264522	0.817757	0.325967	0.829499	0.812951	0.942228	0.802880	0.849483	0.881491	0.842785	0.913069	0.889151	0.911405	0.810666	0.894870	0.801941	0.922773	0.879232	0.759083	0.921834	1.000000	0.893502	0.374468	0.835053	0.586976	0.938436	0.877816	0.885769	0.625389	0.895998	-0.048777	0.492342	-0.215704	0.293214	0.322671	0.205118	-0.056962	-0.000299	-0.110196	-0.118721	-0.093393	-0.074520	0.053657	0.395905	0.453658	0.142490	-0.297611	0.425346	-0.363006	0.118866	-0.121211	-0.243885	-0.084190	-0.394638	-0.427057	-0.091445	-0.283236	-0.041610	-0.086631	-0.221235	0.209657	-0.525246	-0.038784	-0.074667	0.031953	-0.069530	-0.344521	-0.014252	-0.185485	-0.216142	-0.093514	-0.296761	-0.174712	-0.161598	-0.244434	-0.294242	-0.244793
0.000625	0.753294	0.751567	0.565626	0.709752	0.571897	0.843630	0.586568	0.416225	0.865645	0.839438	0.495253	0.720609	0.489228	0.370827	0.845262	0.421628	0.751684	0.759779	0.908903	0.741888	0.849877	0.865907	0.827861	0.827914	0.871630	0.898648	0.812114	0.854516	0.815412	0.846352	0.811965	0.796442	0.878522	0.893502	1.000000	0.472982	0.856645	0.640707	0.906191	0.825271	0.888147	0.521748	0.894154	-0.165478	0.384113	-0.266339	0.287194	0.398287	0.256573	0.052509	0.039081	-0.035751	-0.007865	-0.080040	-0.146559	0.145561	0.420383	0.501505	0.254857	-0.264344	0.512078	-0.431644	-0.004522	-0.172309	-0.247210	-0.072358	-0.480782	-0.521516	-0.146828	-0.386504	-0.134620	-0.146483	-0.255838	0.218946	-0.564558	-0.125540	-0.084433	-0.023453	-0.189988	-0.368439	0.057483	-0.147258	-0.141770	-0.152273	-0.326691	-0.223604	-0.181679	-0.288280	-0.300708	-0.255354
0.000320	0.880671	0.829785	0.817094	0.863841	0.902824	0.659776	0.917162	0.917538	0.662586	0.283132	0.932027	0.795689	0.907455	0.911043	0.738469	0.839229	0.435080	0.246014	0.495774	0.168297	0.573522	0.527253	0.489295	0.130155	0.518768	0.568805	0.609318	0.337044	0.803045	0.195265	0.164518	0.765182	0.346479	0.374468	0.472982	1.000000	0.722413	0.806373	0.516449	0.261791	0.658850	-0.182568	0.639903	-0.704369	-0.347349	-0.393611	0.048461	0.546234	0.205036	0.408618	-0.007582	0.107981	0.300600	-0.176480	-0.415477	0.474359	0.367459	0.604462	0.676773	-0.123133	0.752455	-0.685868	-0.544163	-0.381685	-0.260001	-0.136787	-0.684194	-0.747457	-0.343686	-0.710850	-0.515673	-0.426264	-0.407975	-0.042153	-0.469461	-0.427239	-0.187864	-0.313635	-0.632174	-0.442883	0.223172	-0.017113	0.015593	-0.330055	-0.398983	-0.422083	-0.309067	-0.405669	-0.005671	-0.197753
-0.000277	0.937813	0.912746	0.748942	0.912061	0.790770	0.950466	0.809828	0.655919	0.970519	0.770601	0.735612	0.879422	0.721933	0.610888	0.990266	0.647182	0.711955	0.694186	0.934964	0.662226	0.915398	0.882946	0.836340	0.710271	0.889530	0.955159	0.886433	0.826521	0.955810	0.763797	0.728592	0.942288	0.855713	0.835053	0.856645	0.722413	1.000000	0.812313	0.939764	0.765587	0.983375	0.358501	0.979969	-0.351947	0.185000	-0.330992	0.328524	0.571494	0.380348	0.237748	0.124688	0.097344	0.164596	-0.045522	-0.223734	0.325212	0.506695	0.652609	0.469897	-0.201854	0.709671	-0.552486	-0.191631	-0.234475	-0.234038	-0.024828	-0.614354	-0.684469	-0.224954	-0.554354	-0.256555	-0.225303	-0.303380	0.267457	-0.649396	-0.241437	-0.076298	-0.085755	-0.388339	-0.430447	0.201033	-0.060652	-0.030486	-0.235050	-0.370434	-0.268776	-0.193684	-0.334096	-0.321443	-0.253174
0.000341	0.861453	0.841885	0.760558	0.842452	0.811689	0.776510	0.830522	0.746446	0.787376	0.518825	0.796226	0.811067	0.774193	0.719673	0.823853	0.707211	0.558192	0.451870	0.685395	0.399439	0.689448	0.673656	0.631121	0.407742	0.677138	0.736193	0.717148	0.556284	0.844875	0.458337	0.433860	0.821081	0.583665	0.586976	0.640707	0.806373	0.812313	1.000000	0.696685	0.495027	0.784031	0.075992	0.774250	-0.527070	-0.087482	-0.333475	0.174559	0.526259	0.260279	0.292089	0.039408	0.080267	0.200327	-0.114803	-0.303193	0.376503	0.427546	0.614491	0.539137	-0.145712	0.693090	-0.599408	-0.355526	-0.289073	-0.230180	-0.082160	-0.617320	-0.680385	-0.255411	-0.603403	-0.369332	-0.313822	-0.337580	0.092993	-0.505115	-0.304659	-0.124687	-0.183028	-0.478744	-0.407693	0.195385	-0.033113	-0.032427	-0.247991	-0.357828	-0.330142	-0.241254	-0.343994	-0.126507	-0.191499
0.000129	0.814183	0.842127	0.652581	0.799139	0.634414	0.930115	0.645284	0.458233	0.952932	0.905057	0.553348	0.815471	0.560170	0.411786	0.929953	0.494307	0.758423	0.810233	0.991594	0.795711	0.922830	0.906141	0.852786	0.880396	0.914052	0.976971	0.874209	0.920175	0.895785	0.904457	0.883349	0.868322	0.957142	0.938436	0.906191	0.516449	0.939764	0.696685	1.000000	0.888129	0.967305	0.569011	0.975361	-0.145058	0.418943	-0.235747	0.418233	0.502861	0.380715	0.112763	0.151209	0.051728	0.050268	0.012622	-0.081304	0.221195	0.538656	0.618559	0.322460	-0.205864	0.596875	-0.417308	0.013157	-0.117168	-0.188637	0.022746	-0.491707	-0.559999	-0.116319	-0.391000	-0.083152	-0.092652	-0.206566	0.354855	-0.625983	-0.100540	-0.006777	0.046978	-0.191371	-0.355759	0.160852	-0.065594	-0.084514	-0.118607	-0.297591	-0.150026	-0.108631	-0.240793	-0.375089	-0.220497
-0.000361	0.591712	0.626648	0.438144	0.579837	0.403152	0.782232	0.402348	0.218463	0.802699	0.881532	0.315356	0.605585	0.325591	0.178743	0.753274	0.284287	0.675107	0.814568	0.892323	0.835595	0.813065	0.811200	0.767139	0.922587	0.821500	0.860012	0.751663	0.899470	0.692509	0.925445	0.909395	0.678330	0.920032	0.877816	0.825271	0.261791	0.765587	0.495027	0.888129	1.000000	0.817342	0.699398	0.833957	0.035476	0.588316	-0.168559	0.445753	0.398093	0.379940	0.033964	0.180630	0.045157	0.002402	0.065196	0.015171	0.120484	0.475429	0.482734	0.174029	-0.205044	0.427982	-0.283809	0.157934	-0.039780	-0.143472	0.065757	-0.379239	-0.435797	-0.055666	-0.255487	0.035820	0.002031	-0.125288	0.410990	-0.580312	-0.014990	0.030441	0.117501	-0.053383	-0.285397	0.126681	-0.071985	-0.066943	-0.068662	-0.230703	-0.059948	-0.044588	-0.172666	-0.419515	-0.204882
0.000266	0.911310	0.887277	0.708632	0.872479	0.740903	0.950838	0.760861	0.593128	0.972804	0.825729	0.674365	0.852226	0.662430	0.543793	0.980668	0.583558	0.749201	0.747327	0.965434	0.721137	0.930199	0.908453	0.861356	0.779421	0.916199	0.974893	0.896521	0.872310	0.944044	0.824486	0.789770	0.926409	0.899649	0.885769	0.888147	0.658850	0.983375	0.784031	0.967305	0.817342	1.000000	0.436942	0.993208	-0.288234	0.268509	-0.320117	0.332763	0.529217	0.356601	0.172340	0.107508	0.056710	0.102691	-0.053210	-0.200475	0.266116	0.493807	0.622288	0.402100	-0.236032	0.659232	-0.529493	-0.123523	-0.220130	-0.246437	-0.035796	-0.592871	-0.656847	-0.206590	-0.516504	-0.218504	-0.202058	-0.296595	0.273491	-0.651958	-0.207171	-0.078802	-0.062128	-0.333804	-0.430446	0.155297	-0.097250	-0.069127	-0.218184	-0.370879	-0.257373	-0.192640	-0.330339	-0.332641	-0.266187
0.000073	0.151963	0.204601	0.039723	0.144395	-0.031486	0.386760	-0.045797	-0.205065	0.419245	0.677172	-0.113773	0.190697	-0.089953	-0.230796	0.343445	-0.100442	0.421897	0.652093	0.572190	0.694152	0.458556	0.491936	0.469552	0.795379	0.500161	0.508444	0.391242	0.658824	0.272937	0.754986	0.775033	0.262933	0.667746	0.625389	0.521748	-0.182568	0.358501	0.075992	0.569011	0.699398	0.436942	1.000000	0.464192	0.431198	0.811336	0.025762	0.455810	0.156329	0.324078	-0.134899	0.243039	0.042289	-0.108548	0.200093	0.256903	-0.085337	0.317606	0.201011	-0.130536	-0.134410	0.072006	0.088065	0.470759	0.167868	-0.000033	0.175820	-0.039457	-0.076573	0.110294	0.123129	0.331770	0.240344	0.104363	0.487459	-0.413621	0.195175	0.142462	0.293495	0.276933	-0.061400	0.053856	-0.040164	-0.031457	0.086926	-0.031002	0.190409	0.137183	0.039675	-0.462824	-0.120727
-0.000026	0.900184	0.883331	0.701517	0.864310	0.726408	0.951367	0.745122	0.574141	0.973836	0.841382	0.658201	0.848507	0.648895	0.525457	0.976186	0.571203	0.750912	0.761397	0.972619	0.735590	0.932725	0.910620	0.861286	0.798504	0.918055	0.979090	0.895340	0.883187	0.940856	0.840067	0.809969	0.921729	0.912974	0.895998	0.894154	0.639903	0.979969	0.774250	0.975361	0.833957	0.993208	0.464192	1.000000	-0.266278	0.297729	-0.305535	0.351445	0.528338	0.364130	0.163264	0.117977	0.057109	0.094130	-0.039967	-0.180426	0.260057	0.506179	0.625381	0.391251	-0.230152	0.651337	-0.514560	-0.099327	-0.202311	-0.236455	-0.024049	-0.579381	-0.645913	-0.190379	-0.497735	-0.194685	-0.182637	-0.282335	0.291867	-0.652153	-0.187942	-0.063451	-0.040846	-0.311465	-0.419329	0.157436	-0.091376	-0.072304	-0.200538	-0.359079	-0.238556	-0.176911	-0.314887	-0.341154	-0.257029
-0.000367	-0.512432	-0.459393	-0.522090	-0.501912	-0.605743	-0.322450	-0.619919	-0.677827	-0.308753	0.011392	-0.639627	-0.450451	-0.611952	-0.683578	-0.365583	-0.578621	-0.164347	0.033564	-0.144536	0.125134	-0.256783	-0.210871	-0.187162	0.155963	-0.199168	-0.223795	-0.293800	-0.038185	-0.424781	0.102935	0.134401	-0.429482	-0.036300	-0.048777	-0.165478	-0.704369	-0.351947	-0.527070	-0.145058	0.035476	-0.288234	0.431198	-0.266278	1.000000	0.576947	0.313367	0.191472	-0.281694	0.039124	-0.311805	0.172174	0.007385	-0.216288	0.280629	0.472302	-0.345445	-0.107874	-0.317353	-0.499059	0.068774	-0.467125	0.634440	0.640802	0.399645	0.231053	0.231496	0.547770	0.569366	0.313528	0.649406	0.581962	0.472427	0.405355	0.293221	0.124802	0.415179	0.244351	0.395064	0.616448	0.335280	-0.088928	0.042486	0.032511	0.290186	0.308591	0.462105	0.338013	0.358988	-0.252386	0.095226
-0.000609	-0.029194	0.038205	-0.106739	-0.025087	-0.195605	0.222657	-0.215038	-0.356980	0.250396	0.560157	-0.271228	0.031559	-0.240106	-0.375398	0.171124	-0.234008	0.298744	0.545707	0.422658	0.607244	0.304418	0.346035	0.345276	0.695591	0.359303	0.342880	0.230861	0.526259	0.099537	0.643721	0.681380	0.097204	0.536930	0.492342	0.384113	-0.347349	0.185000	-0.087482	0.418943	0.588316	0.268509	0.811336	0.297729	0.576947	1.000000	0.106498	0.438781	0.061078	0.290130	-0.182738	0.258528	0.054688	-0.132933	0.247012	0.346791	-0.147340	0.249016	0.090862	-0.227561	-0.087676	-0.060976	0.235973	0.554273	0.250549	0.064009	0.214360	0.111813	0.083636	0.174817	0.274857	0.436647	0.329142	0.198126	0.492579	-0.310765	0.270201	0.188008	0.348639	0.398071	0.039316	0.032210	-0.008624	-0.006909	0.154085	0.059288	0.283534	0.207839	0.128021	-0.446346	-0.069679
0.000471	-0.400148	-0.255051	-0.189253	-0.304237	-0.352338	-0.285189	-0.370508	-0.359243	-0.291611	-0.153013	-0.349006	-0.223581	-0.269059	-0.320266	-0.336616	-0.198662	-0.315700	-0.114122	-0.239789	-0.142131	-0.282477	-0.331368	-0.384014	-0.140804	-0.327369	-0.271752	-0.298906	-0.223718	-0.292619	-0.181170	-0.096444	-0.330884	-0.171801	-0.215704	-0.266339	-0.393611	-0.330992	-0.333475	-0.235747	-0.168559	-0.320117	0.025762	-0.305535	0.313367	0.106498	1.000000	0.275414	-0.085367	0.025288	0.037093	0.248669	0.166943	0.049453	0.412005	0.569759	0.047707	0.096382	-0.031049	-0.130292	0.616730	-0.253021	0.525802	0.509584	0.697524	0.562851	0.434437	0.660158	0.538980	0.671872	0.672976	0.693960	0.643725	0.569972	0.251720	0.409445	0.625349	0.539319	0.620608	0.696637	0.585212	0.243351	0.523743	0.112461	0.755846	0.645952	0.696438	0.607312	0.737399	0.053741	0.656404
