1.000000	0.000751	-0.001404	-0.000430	0.000956	-0.000826	0.001493	-0.000109	0.000372	-0.004196	-0.001134	-0.003869	0.000441	-0.000064	-0.001274	0.001772	-0.003115	-0.001281	-0.003484	0.001530	0.000600	0.001697	0.000294	-0.000763	-0.000545	-0.000351	0.000497	0.000581	-0.000626	0.000443	-0.001032	-0.002192	-0.000225	0.000533	-0.001181	0.000683	-0.001189	0.001382	0.002788	0.001180	0.001508	0.001239	-0.001681	0.000043	0.000227	-0.001251	-0.000487	0.003014	-0.000103	-0.002909	0.001530	0.002109	-0.000490	-0.001866	-0.001040	0.001580	-0.002651	-0.002321	-0.001867	-0.002494	-0.001852	-0.000437	-0.003393	-0.002091	0.000426	0.002245	-0.000389	-0.000059	0.001493	0.001722	-0.000636	0.002448	0.002088	0.000788	-0.001268	0.001988	-0.001513	0.001651	0.001373	0.001125	-0.000497	-0.000963	0.003660	0.001622	0.001194	0.000226	-0.000592	0.000480	-0.003291	0.000475	0.000844
0.000751	1.000000	0.019199	-0.000727	0.060040	-0.003420	0.008586	0.019489	0.016435	0.025545	0.037247	0.004891	0.033706	0.028293	-0.014194	0.049610	0.017924	0.030408	0.007284	0.066633	0.018732	0.015458	0.007740	0.000116	0.058970	0.052899	0.029057	0.031260	-0.001139	-0.014411	0.036284	0.042222	-0.000264	0.057599	0.044751	0.004882	0.027726	0.005857	0.034763	0.048265	0.009384	0.030083	0.027755	0.068006	0.022400	0.018683	0.016355	0.024179	0.029607	-0.007644	0.000947	-0.015048	-0.011888	-0.021072	-0.015084	-0.022975	0.008371	-0.005114	-0.005682	0.004199	-0.015115	0.009798	-0.021263	0.015921	0.007606	0.025949	-0.009607	0.013518	0.011338	-0.004591	0.001029	-0.004536	0.010710	0.013036	0.011001	0.010248	0.014225	-0.008141	-0.021177	0.000360	0.003306	0.020367	-0.017628	-0.001097	0.003273	-0.002078	-0.006691	0.002890	-0.002745	-0.020243	0.018689
-0.001404	0.019199	1.000000	0.052157	0.003012	0.064598	0.026515	0.008384	0.051818	0.061270	0.005315	0.030424	0.021822	0.004530	-0.004334	0.031395	-0.009051	-0.003083	0.027521	0.054521	0.028955	0.004877	0.013084	-0.001290	0.016087	0.008337	-0.003442	0.020304	-0.005098	0.056056	0.017918	0.013800	0.013071	0.010385	0.009002	0.028870	0.011452	0.016216	-0.013079	0.039996	0.011661	0.016875	0.013245	0.013027	0.006221	0.018534	-0.000318	0.036103	0.038751	0.040880	0.007217	0.023191	-0.006651	0.009185	-0.001534	0.041013	0.020937	0.061743	0.031603	0.031270	0.011551	0.022100	0.029313	0.006056	0.003828	0.002632	0.003804	0.016763	-0.005080	-0.013332	0.008876	-0.019086	0.015756	0.002521	-0.002366	0.011039	-0.002119	-0.021914	-0.000825	0.008374	0.018178	-0.008004	-0.009803	-0.005563	0.010017	0.023119	0.022398	0.028502	0.020539	0.022777	0.017155
-0.000430	-0.000727	0.052157	1.000000	0.023179	-0.025968	-0.003566	0.019374	-0.022952	-0.007245	-0.022840	-0.001259	0.012560	0.001544	-0.018659	0.004075	0.009401	-0.001940	-0.017372	-0.001701	-0.011835	0.029418	-0.012841	-0.004057	0.006338	-0.007733	0.007228	-0.000596	0.022212	0.038853	-0.019208	0.000371	0.002075	0.003223	-0.017837	0.016457	0.021972	0.023398	-0.012506	0.047600	-0.001945	0.004455	-0.003414	0.008337	-0.011662	0.009479	0.008184	0.040828	0.063266	0.000025	-0.006981	0.017926	-0.012896	-0.023608	0.035400	-0.004630	0.001771	0.030397	0.029747	0.043127	-0.005146	0.062527	0.005918	0.002206	-0.000116	-0.039801	0.005483	-0.012241	0.008031	0.007606	0.006220	-0.015923	-0.008217	0.016755	-0.019598	0.025272	0.008885	-0.004402	-0.011161	0.011580	0.004899	0.002919	0.007211	0.005415	0.023820	0.033432	0.006459	0.033574	-0.003024	-0.013618	-0.004312
0.000956	0.060040	0.003012	0.023179	1.000000	0.019502	-0.003981	-0.012315	-0.003384	0.027279	0.044409	0.016708	0.019771	0.017986	0.010013	0.011855	0.017412	0.029173	0.005876	0.053956	-0.024386	0.003772	-0.013370	-0.022732	0.022250	0.010301	0.019057	0.010114	0.011638	0.063848	-0.000346	0.047529	-0.023709	0.041816	-0.001971	0.010612	-0.002456	0.043924	0.040625	0.047444	0.014898	0.008782	0.006725	0.009829	0.014955	0.012058	-0.006138	0.064440	0.012848	0.039433	0.042439	-0.020524	-0.006724	0.023172	0.008060	-0.001829	0.028701	0.041968	0.017252	0.007866	-0.000535	0.016945	-0.033093	0.027787	0.011974	-0.002875	0.008526	-0.003031	-0.001229	0.024794	0.014815	0.009532	0.015375	-0.033666	0.009809	-0.007616	0.016924	-0.037633	-0.005235	-0.008558	-0.010338	0.002454	0.008963	-0.001546	-0.020890	0.005049	-0.003767	-0.011507	-0.004920	-0.000287	-0.021048
-0.000826	-0.003420	0.064598	-0.025968	0.019502	1.000000	0.001680	0.030232	0.005052	-0.009772	-0.018788	-0.003908	0.015086	-0.024886	0.023929	0.032772	0.007943	0.005433	0.017587	0.012929	0.018409	0.005233	-0.004587	-0.035150	-0.010717	0.003192	-0.016863	0.020831	0.011482	0.029570	-0.015710	-0.000290	0.014613	-0.002377	0.003151	-0.006654	0.031891	0.034815	0.005402	0.003004	-0.012335	-0.000933	-0.001654	-0.027265	-0.008573	-0.003086	-0.000112	-0.006977	0.024609	0.001144	-0.017104	0.000303	0.009365	0.009502	-0.004383	0.005343	-0.002440	0.012845	-0.026753	0.014324	0.014901	0.005331	-0.018802	0.023581	-0.021476	-0.006767	-0.003731	-0.014017	0.007761	-0.001000	0.005571	-0.013874	0.023109	-0.022022	-0.005269	0.021455	0.026060	0.018725	-0.002804	-0.030436	-0.007353	0.002186	0.004202	-0.002184	0.002139	-0.003722	0.010694	0.026342	0.006304	-0.002706	0.016093
0.001493	0.008586	0.026515	-0.003566	-0.003981	0.001680	1.000000	-0.013396	0.031712	0.008615	0.002342	0.005945	0.026737	0.010890	0.010774	0.040408	0.020533	0.008596	0.011591	0.007216	0.016744	0.004976	0.013479	0.002052	0.036149	0.002435	0.029565	0.007314	0.000236	0.034337	0.022421	0.044187	0.039249	0.014631	0.012490	-0.010350	0.023541	-0.008693	-0.010200	0.063373	-0.002584	0.081437	0.003125	0.081517	0.024076	0.045064	0.006796	0.011343	0.004641	-0.019825	-0.003884	-0.025111	0.002230	0.019741	-0.001982	0.001353	0.009025	0.011083	0.013168	-0.002820	0.032123	0.014289	-0.001554	-0.036713	-0.014772	-0.000311	0.023597	0.005795	-0.026460	0.013140	-0.006758	-0.010891	-0.014354	0.020078	-0.002797	-0.006076	-0.032855	0.009068	0.019745	-0.021330	0.003796	0.002484	-0.017584	0.028577	0.043652	-0.021226	0.018140	0.005792	0.013245	-0.001251	-0.000468
-0.000109	0.019489	0.008384	0.019374	-0.012315	0.030232	-0.013396	1.000000	0.002766	0.006269	-0.002457	0.038102	0.030057	-0.010612	-0.006419	0.005930	-0.005505	0.000594	0.001881	0.020334	0.019618	-0.014562	0.016602	-0.014730	-0.003572	-0.027531	-0.003535	0.016278	-0.004228	0.042921	-0.011932	0.022996	-0.018684	0.009592	-0.026043	0.014825	-0.001305	-0.020983	0.030766	0.029329	0.016010	0.011894	0.005389	-0.001198	-0.007986	-0.000515	0.000846	-0.010156	0.008856	0.014427	-0.012604	0.038593	-0.012815	-0.007468	0.000171	-0.017074	-0.000245	-0.002220	0.007080	0.014848	0.024419	0.018360	-0.011215	-0.013189	0.014824	0.005394	0.007386	0.000219	-0.007078	-0.003699	0.019222	-0.011979	0.002192	0.020315	0.018450	-0.010952	0.009521	0.008287	-0.018815	0.002965	0.014857	0.003972	-0.004244	0.014488	-0.016093	0.007179	-0.009208	-0.000473	0.014205	-0.002383	-0.011789
0.000372	0.016435	0.051818	-0.022952	-0.003384	0.005052	0.031712	0.002766	1.000000	0.037249	-0.031300	-0.004801	0.008277	0.013999	-0.007560	-0.014382	0.037874	0.015757	0.010628	-0.010682	-0.005149	0.003808	-0.003207	-0.002913	-0.002413	-0.016778	0.000297	0.016690	-0.001800	-0.000685	0.008968	-0.011204	-0.005113	0.005822	-0.013068	0.015671	0.048779	-0.004238	-0.009765	0.038783	0.009557	-0.002934	-0.012043	0.000103	-0.011356	0.029825	0.007657	-0.003990	-0.004103	-0.002920	0.002937	0.006847	0.003984	0.003101	0.000866	-0.002911	0.024303	0.017114	-0.007055	-0.013307	0.003610	-0.017458	0.010640	0.002036	0.021071	0.018873	-0.021031	-0.006993	-0.015561	-0.019795	-0.008180	-0.027766	-0.028826	-0.023005	-0.016437	-0.009705	0.014451	-0.018905	0.009377	0.007564	0.007980	0.006753	-0.004966	0.002474	-0.000413	-0.010962	-0.012880	-0.008146	0.014472	0.005146	-0.027296
-0.004196	0.025545	0.061270	-0.007245	0.027279	-0.009772	0.008615	0.006269	0.037249	1.000000	0.020089	0.022712	-0.003506	0.007904	0.008243	0.046445	0.018661	0.017139	-0.005940	0.006393	0.028062	0.017616	0.002722	-0.001012	-0.003645	0.004165	0.018009	-0.008574	-0.000451	-0.016422	0.013324	0.004176	-0.006071	-0.002449	0.022078	0.023472	0.021846	0.031222	-0.007611	0.003314	0.047348	0.019394	-0.010614	0.051078	0.031578	-0.005268	-0.019033	0.025768	0.003506	-0.002992	0.023976	0.011678	0.016145	0.006574	0.010986	0.004256	-0.003259	-0.006467	0.045801	0.008579	0.002263	-0.020344	-0.024687	0.013585	0.005086	0.001197	0.005137	-0.004392	-0.021827	0.007706	0.018478	0.014846	-0.015622	0.008314	0.008935	0.014240	-0.009508	-0.008623	-0.017013	0.016753	-0.032471	0.019647	-0.001957	-0.001791	0.015009	0.024852	-0.007203	-0.001713	-0.008042	-0.003391	0.005241
-0.001134	0.037247	0.005315	-0.022840	0.044409	-0.018788	0.002342	-0.002457	-0.031300	0.020089	1.000000	-0.003144	0.064318	-0.003417	0.016610	0.017106	0.035383	0.007837	-0.013534	0.078391	0.021972	0.033188	0.015159	0.017061	0.058941	0.009585	0.000752	0.010020	0.007714	0.055133	0.037568	0.005571	0.018302	0.021447	0.074049	-0.014342	0.015831	0.060687	-0.005019	0.067775	0.017692	-0.002772	0.005078	-0.009200	0.025286	0.032383	-0.028875	0.034587	-0.002030	0.059202	0.007227	-0.019011	-0.028407	0.016305	-0.016676	-0.003397	0.005412	0.020063	-0.000013	0.005789	0.018856	0.041287	-0.003930	-0.020409	0.017886	-0.002334	-0.021490	-0.008261	0.033867	0.028204	0.012823	0.004658	-0.010709	0.015127	0.018124	0.010413	0.026282	0.001123	-0.013945	0.045137	-0.050927	0.012533	-0.001904	-0.007147	-0.010490	-0.003324	-0.015933	-0.005515	-0.020903	0.014026	-0.003746
-0.003869	0.004891	0.030424	-0.001259	0.016708	-0.003908	0.005945	0.038102	-0.004801	0.022712	-0.003144	1.000000	0.003259	0.004140	0.000251	0.016384	0.018206	0.015182	-0.004083	0.016694	0.005152	-0.015326	0.007947	-0.001600	-0.002709	0.002917	0.004931	-0.012442	-0.001811	0.019715	0.001960	0.001984	-0.028152	0.011891	0.003956	0.004994	0.002516	0.011668	-0.016205	0.044784	-0.016842	0.015437	0.008701	0.004590	-0.002297	-0.016220	-0.000115	0.007868	0.005893	0.026577	0.009572	-0.000366	0.012625	0.011073	-0.015832	-0.013298	-0.045836	-0.005858	0.011250	0.012821	-0.001701	-0.008683	-0.031266	0.014454	-0.006953	0.002978	-0.001094	-0.007734	0.032204	-0.006148	0.035721	-0.008434	-0.001814	0.033019	-0.007830	-0.023833	0.021556	-0.024729	-0.020899	-0.013123	-0.025715	-0.019239	0.011729	0.015317	-0.021557	0.008439	0.013124	0.018115	0.011603	0.006159	-0.030903
0.000441	0.033706	0.021822	0.012560	0.019771	0.015086	0.026737	0.030057	0.008277	-0.003506	0.064318	0.003259	1.000000	-0.022244	0.043289	0.046091	0.010536	0.052201	-0.006234	0.006076	-0.006986	-0.030719	0.032136	-0.007527	0.004048	-0.023524	0.008508	0.019522	0.011632	0.015043	0.004572	-0.001231	0.019740	0.026689	0.045395	0.023763	0.029203	0.047615	0.014239	0.029020	0.048680	0.023966	-0.009047	-0.001833	-0.007097	-0.000778	-0.005619	0.035490	0.051344	0.029034	-0.011362	0.003744	0.002679	-0.000668	-0.002575	0.019968	0.003993	0.017640	0.035283	0.029695	0.017975	0.054434	0.000012	0.014968	0.001084	-0.025526	0.011574	0.001816	0.008304	-0.009243	0.011251	0.003960	-0.020026	-0.013514	-0.004988	0.006472	0.004907	0.001893	-0.016654	-0.010442	0.006997	-0.018186	0.013643	0.005507	0.009720	0.009321	-0.004690	-0.013400	0.017769	-0.013313	0.007075
-0.000064	0.028293	0.004530	0.001544	0.017986	-0.024886	0.010890	-0.010612	0.013999	0.007904	-0.003417	0.004140	-0.022244	1.000000	-0.027500	0.038156	0.002748	0.024436	-0.003192	0.010816	-0.013664	-0.004190	0.005802	-0.026724	0.002131	-0.005964	0.005873	-0.011514	0.006234	0.025223	0.013089	-0.015522	0.003317	-0.014191	0.012209	-0.009218	-0.004260	0.030992	-0.009061	-0.008562	-0.006767	0.002553	-0.001505	-0.001219	-0.012150	-0.012187	-0.013547	-0.033634	0.022802	-0.002297	0.015426	-0.000315	0.005113	0.009401	0.001887	-0.006353	-0.023683	0.037545	0.033625	0.008817	0.001488	0.030988	-0.012217	0.015104	-0.024385	-0.003793	0.011518	0.001866	-0.002942	-0.016190	0.025518	0.033240	0.010927	-0.011583	0.015194	-0.021069	-0.000430	-0.003890	0.007034	-0.022671	0.005438	0.007465	-0.005185	0.025019	-0.001428	-0.000328	0.035777	0.011173	-0.010041	0.001587	0.009628
-0.001274	-0.014194	-0.004334	-0.018659	0.010013	0.023929	0.010774	-0.006419	-0.007560	0.008243	0.016610	0.000251	0.043289	-0.027500	1.000000	0.016151	0.051082	0.008508	-0.003188	-0.022083	0.019430	-0.004391	-0.007133	0.000786	-0.014973	0.018264	0.015901	0.028238	-0.008625	-0.001845	-0.016031	0.012868	0.021049	-0.011580	0.000393	0.001986	0.006884	0.025990	0.008477	-0.005468	0.007474	0.006838	-0.001865	0.007937	-0.007821	0.012254	-0.003231	0.006927	-0.004687	-0.009578	-0.003378	-0.010150	0.012850	-0.016635	0.004640	0.003193	-0.033595	-0.005434	0.017249	0.039492	-0.028985	0.020780	-0.008151	-0.010561	-0.017369	0.000801	0.001411	-0.011584	0.004132	-0.015875	-0.034457	0.001173	-0.017238	0.005253	0.004423	-0.008374	-0.006049	-0.002194	-0.003975	0.006847	-0.017153	-0.014811	0.024324	0.018595	0.012774	0.011718	-0.006902	0.013415	-0.011183	0.012362	-0.013355
0.001772	0.049610	0.031395	0.004075	0.011855	0.032772	0.040408	0.005930	-0.014382	0.046445	0.017106	0.016384	0.046091	0.038156	0.016151	1.000000	0.006538	-0.010047	0.005445	0.027310	0.025931	0.014608	0.015290	-0.008277	0.078187	0.020027	0.038360	0.059486	0.020452	0.031996	0.029074	0.043788	0.053875	0.053702	0.023830	0.009018	0.015455	-0.011555	0.013512	0.004355	0.034035	0.020752	0.022580	0.059997	0.045604	0.040313	-0.016554	-0.002705	-0.026499	-0.000612	0.047879	-0.001800	-0.018750	-0.008922	0.010799	0.021696	0.000822	-0.002111	-0.011226	0.004788	-0.018844	-0.002743	0.003493	-0.004153	-0.038012	-0.022361	0.006556	-0.012558	0.000110	-0.007228	-0.003953	0.003732	0.001807	-0.002475	-0.029587	0.010520	-0.006903	0.024921	-0.026948	-0.042036	-0.017445	0.008599	-0.021866	0.010611	-0.017159	0.017382	-0.014995	-0.000908	-0.000126	-0.020812	-0.029095
-0.003115	0.017924	-0.009051	0.009401	0.017412	0.007943	0.020533	-0.005505	0.037874	0.018661	0.035383	0.018206	0.010536	0.002748	0.051082	0.006538	1.000000	-0.013974	-0.005880	0.008794	-0.010542	0.018287	0.025000	-0.003507	0.003135	-0.008470	0.014211	-0.006350	0.010743	-0.010748	-0.013817	0.011907	0.011925	0.006200	0.020059	0.004929	0.024277	-0.016971	-0.033349	0.014931	0.019799	-0.003119	-0.019853	-0.012408	0.016317	0.010346	0.001732	0.060331	0.020902	0.014553	0.008688	-0.004315	-0.012376	0.014920	-0.001843	-0.010499	0.044527	0.022652	0.004536	0.000856	0.027150	0.000309	0.002851	-0.003058	-0.009218	0.009285	0.007258	-0.005192	0.011805	-0.002863	0.028791	-0.002548	-0.000216	-0.006862	-0.000932	0.014176	0.004803	-0.006894	0.021727	-0.009536	0.003809	-0.009130	0.004316	-0.010616	0.015385	0.042049	0.005757	-0.002877	-0.001496	0.014337	-0.011769
-0.001281	0.030408	-0.003083	-0.001940	0.029173	0.005433	0.008596	0.000594	0.015757	0.017139	0.007837	0.015182	0.052201	0.024436	0.008508	-0.010047	-0.013974	1.000000	-0.018708	0.008730	-0.002042	-0.005731	0.041818	0.026286	0.021369	0.015462	-0.018650	-0.019547	0.013435	-0.002628	0.017201	0.030155	-0.000014	0.028319	0.026043	-0.008309	0.010627	0.007857	-0.002510	0.008050	-0.013623	0.014951	0.005622	0.020274	-0.013606	-0.005917	-0.009192	0.036733	0.021814	0.030493	-0.012920	-0.005150	-0.037747	-0.006662	-0.001366	0.002950	0.019472	0.012373	0.012446	0.004342	-0.011401	0.037013	0.037369	0.029762	0.012908	0.006385	-0.013966	-0.001214	-0.011642	-0.017330	-0.006252	0.011120	0.006046	-0.005610	-0.019628	-0.043455	0.005729	-0.019822	0.000928	0.006660	0.026583	0.000660	0.006179	-0.009265	-0.000613	-0.020593	0.002177	-0.002203	-0.005664	0.043407	0.027346
-0.003484	0.007284	0.027521	-0.017372	0.005876	0.017587	0.011591	0.001881	0.010628	-0.005940	-0.013534	-0.004083	-0.006234	-0.003192	-0.003188	0.005445	-0.005880	-0.018708	1.000000	0.007620	0.000441	0.004993	0.015791	0.023820	0.033841	0.009514	0.005142	0.019564	0.000404	0.020837	0.001200	-0.003848	0.002436	0.010940	-0.000118	-0.009032	-0.013192	-0.006694	0.024087	0.010012	-0.004832	0.019750	-0.018533	0.022390	0.016114	-0.006607	-0.000060	0.003991	-0.015360	0.019091	0.000754	0.004497	0.020491	0.003340	0.005603	-0.012514	0.012277	-0.012113	0.012533	-0.006204	-0.006748	0.002726	0.009924	-0.010454	0.020168	0.010954	0.004176	-0.005481	-0.025944	-0.025214	-0.008427	-0.012792	-0.011789	0.009378	0.008404	0.015953	-0.005619	-0.016221	0.010730	0.031542	-0.031044	0.008102	-0.009177	-0.019313	-0.003503	-0.004436	0.033428	0.017140	-0.009904	0.001237	-0.004586
0.001530	0.066633	0.054521	-0.001701	0.053956	0.012929	0.007216	0.020334	-0.010682	0.006393	0.078391	0.016694	0.006076	0.010816	-0.022083	0.027310	0.008794	0.008730	0.007620	1.000000	-0.038144	0.005302	0.016926	0.023299	0.023902	0.050121	0.019914	0.018315	-0.023373	0.077889	0.039348	0.057826	-0.001760	0.045971	0.057987	0.070939	0.026099	0.030202	-0.016593	0.012942	0.010414	0.009985	0.031388	0.028690	0.050374	0.030231	0.024170	-0.006523	-0.001242	0.037944	-0.020451	0.001563	-0.009068	0.016451	0.009036	0.010166	-0.005789	0.011245	0.011989	-0.019436	0.030583	0.001433	-0.019701	-0.012416	0.033374	-0.003579	-0.010528	0.011269	0.009264	0.011858	0.004904	0.010144	-0.005601	0.019551	0.038653	-0.009285	0.006488	-0.018875	-0.018807	-0.005571	0.016865	-0.020307	0.022402	-0.004085	0.010147	-0.011072	-0.012217	0.014843	-0.009609	0.007640	-0.009122
0.000600	0.018732	0.028955	-0.011835	-0.024386	0.018409	0.016744	0.019618	-0.005149	0.028062	0.021972	0.005152	-0.006986	-0.013664	0.019430	0.025931	-0.010542	-0.002042	0.000441	-0.038144	1.000000	-0.001018	0.032437	-0.006062	0.005983	0.030145	0.002110	0.034822	-0.015400	0.006399	0.024454	-0.004463	0.006814	0.020452	0.044999	0.006861	-0.010916	0.003192	-0.001102	0.033635	0.021437	0.041706	0.036578	0.033090	0.044773	0.030334	0.013487	-0.003229	-0.000597	-0.012011	-0.003150	0.015185	0.002443	-0.003446	-0.001971	0.005558	0.003708	0.008549	0.003948	0.006822	-0.002392	-0.000025	-0.015664	0.006341	-0.002750	-0.009553	0.012749	-0.033851	-0.003133	-0.010215	0.000684	0.000653	0.018405	0.013801	0.007663	-0.010833	-0.014159	0.009991	-0.005527	0.015693	-0.008073	-0.011724	-0.013299	-0.006449	0.002092	0.000917	0.014120	0.029142	0.011991	-0.009263	-0.007283
0.001697	0.015458	0.004877	0.029418	0.003772	0.005233	0.004976	-0.014562	0.003808	0.017616	0.033188	-0.015326	-0.030719	-0.004190	-0.004391	0.014608	0.018287	-0.005731	0.004993	0.005302	-0.001018	1.000000	0.016899	0.019662	0.018733	0.019490	0.062848	0.008503	0.006868	0.016942	0.002308	0.007583	-0.013855	0.002734	0.008273	0.003338	-0.000687	0.000273	-0.014906	0.042929	0.017739	0.004319	-0.004831	0.033769	-0.010979	0.024156	-0.001279	0.007347	0.013825	0.006998	0.009452	0.016878	0.015481	0.010781	0.021529	-0.003783	-0.011330	0.025374	0.008492	-0.001653	-0.002127	0.009335	0.015292	-0.020631	0.011431	-0.005279	0.001015	0.008691	0.001358	0.013069	-0.005618	-0.001898	-0.004088	-0.001519	0.029626	-0.004551	-0.006967	0.019552	-0.020618	-0.004771	0.006849	-0.003100	-0.002619	0.014249	0.009941	-0.012817	0.011113	-0.003036	0.024305	0.014059	-0.016056
0.000294	0.007740	0.013084	-0.012841	-0.013370	-0.004587	0.013479	0.016602	-0.003207	0.002722	0.015159	0.007947	0.032136	0.005802	-0.007133	0.015290	0.025000	0.041818	0.015791	0.016926	0.032437	0.016899	1.000000	-0.024288	0.004705	-0.021489	-0.031479	0.021743	0.058556	0.011919	0.040134	-0.013497	0.000821	0.033605	0.038037	0.009312	-0.011763	0.031927	0.001115	-0.009039	0.005652	0.038686	-0.017192	0.023632	-0.010456	0.034651	-0.028089	0.019492	0.004090	0.014731	-0.005775	0.006829	-0.027433	-0.003338	-0.012063	0.013021	0.014963	-0.000390	-0.010533	-0.005504	-0.032626	-0.003886	0.025076	0.004076	-0.006937	-0.002946	0.006172	0.025320	0.013309	-0.007076	0.019870	0.014020	-0.024764	-0.004766	0.026993	-0.012435	-0.004926	0.001313	0.003809	-0.007511	-0.002459	-0.007845	-0.018081	0.008317	-0.012822	0.016554	0.018631	-0.006290	-0.012990	-0.004103	0.028563
-0.000763	0.000116	-0.001290	-0.004057	-0.022732	-0.035150	0.002052	-0.014730	-0.002913	-0.001012	0.017061	-0.001600	-0.007527	-0.026724	0.000786	-0.008277	-0.003507	0.026286	0.023820	0.023299	-0.006062	0.019662	-0.024288	1.000000	0.035855	-0.028229	-0.027849	0.012204	0.044091	0.008476	-0.032501	0.016863	-0.005413	-0.005018	0.010078	-0.011558	-0.003074	0.027485	-0.010817	-0.008051	0.012148	0.044223	0.019673	0.029385	-0.000424	0.009354	-0.013471	0.005391	0.012694	-0.013948	0.004446	-0.020297	0.002739	-0.013424	0.015095	-0.014388	0.009950	0.014419	0.013710	-0.018587	0.005636	-0.013939	0.022588	-0.001230	-0.022536	0.031728	-0.003074	0.010989	0.000213	0.000790	-0.006251	-0.001172	-0.008381	0.013589	-0.013528	-0.023278	-0.013390	0.027076	0.000958	0.009001	0.002870	-0.008808	-0.010757	0.013621	0.000636	-0.004992	0.026639	0.003851	-0.028804	-0.003832	0.014979
-0.000545	0.058970	0.016087	0.006338	0.022250	-0.010717	0.036149	-0.003572	-0.002413	-0.003645	0.058941	-0.002709	0.004048	0.002131	-0.014973	0.078187	0.003135	0.021369	0.033841	0.023902	0.005983	0.018733	0.004705	0.035855	1.000000	0.029415	0.016641	-0.008067	-0.004895	0.056228	0.033013	0.026666	0.005033	0.041354	0.039990	-0.003306	0.018438	0.052450	-0.009815	0.019989	0.019641	0.030256	0.035432	0.046583	0.023288	0.068996	-0.003747	-0.005174	-0.003151	-0.000344	-0.003644	-0.019093	0.004628	0.012496	-0.012171	-0.016556	-0.002179	0.005433	0.012532	-0.021645	0.006193	-0.007225	-0.001000	-0.024716	-0.022374	-0.009772	0.004094	-0.024201	0.000011	0.007690	0.000750	-0.013540	-0.003757	0.011300	0.027699	-0.028581	0.014489	0.005875	-0.002378	-0.004713	-0.007003	0.005094	0.009014	0.009680	0.013628	0.006987	0.010083	0.003588	0.003436	-0.016668	-0.000533
-0.000351	0.052899	0.008337	-0.007733	0.010301	0.003192	0.002435	-0.027531	-0.016778	0.004165	0.009585	0.002917	-0.023524	-0.005964	0.018264	0.020027	-0.008470	0.015462	0.009514	0.050121	0.030145	0.019490	-0.021489	-0.028229	0.029415	1.000000	-0.037498	0.016749	0.021122	-0.004513	-0.030731	0.011969	0.009684	0.027647	-0.018196	0.007722	0.022188	0.026415	0.005102	0.020706	-0.005242	0.041784	0.005675	0.056096	0.020824	0.017179	0.022487	0.016130	-0.022845	-0.017394	0.006926	-0.008087	0.024036	0.006117	0.013888	-0.012275	0.009243	0.001995	0.012549	0.013449	-0.016559	-0.005922	0.020461	-0.010546	0.007368	0.000572	-0.024103	0.030796	0.026958	0.022483	-0.012911	0.036717	0.009374	0.018070	0.002375	0.013078	0.001623	-0.014895	0.003898	0.021835	-0.006402	0.014281	0.014192	-0.002161	0.000899	-0.009450	-0.005316	0.008892	0.005267	-0.001084	-0.008212
0.000497	0.029057	-0.003442	0.007228	0.019057	-0.016863	0.029565	-0.003535	0.000297	0.018009	0.000752	0.004931	0.008508	0.005873	0.015901	0.038360	0.014211	-0.018650	0.005142	0.019914	0.002110	0.062848	-0.031479	-0.027849	0.016641	-0.037498	1.000000	0.004068	-0.020830	0.021448	0.017003	0.022086	0.022495	-0.012381	0.007307	0.030388	-0.015926	0.032883	-0.024999	0.035363	0.045555	0.029359	0.043046	0.022590	0.013062	0.035350	0.002908	0.000667	-0.006373	0.002265	-0.006244	0.003232	0.003521	0.012702	-0.014808	-0.001994	-0.002091	0.006523	0.014933	0.013708	-0.005443	0.010736	0.000250	0.010790	-0.007848	-0.037978	-0.027647	0.003184	-0.001040	-0.007440	0.038607	-0.033527	-0.005178	0.006585	0.036619	0.007664	-0.005160	0.026755	-0.005513	-0.026098	-0.008093	-0.005110	0.017227	0.010694	0.028194	0.015970	-0.002148	-0.000187	0.011471	-0.002760	0.004997
0.000581	0.031260	0.020304	-0.000596	0.010114	0.020831	0.007314	0.016278	0.016690	-0.008574	0.010020	-0.012442	0.019522	-0.011514	0.028238	0.059486	-0.006350	-0.019547	0.019564	0.018315	0.034822	0.008503	0.021743	0.012204	-0.008067	0.016749	0.004068	1.000000	0.035245	0.021317	0.024281	0.030070	-0.000523	0.037584	-0.009985	0.007501	0.002174	0.020616	0.031418	0.025351	0.031922	0.020583	-0.004993	0.019012	0.040883	0.038570	-0.018708	0.015717	-0.008334	0.000333	0.026877	-0.003967	-0.013220	-0.007653	0.007489	0.010617	0.020009	0.005376	0.001995	-0.000052	0.019470	-0.012745	-0.009704	0.007249	0.004916	0.005310	-0.000372	-0.023931	-0.008803	-0.005145	0.019433	-0.013284	0.004893	-0.000093	-0.017865	0.015134	0.002938	0.018857	-0.016775	0.019824	0.005466	-0.009996	-0.001667	-0.007820	-0.000945	0.012176	0.014459	0.005115	-0.019303	-0.004542	-0.021052
-0.000626	-0.001139	-0.005098	0.022212	0.011638	0.011482	0.000236	-0.004228	-0.001800	-0.000451	0.007714	-0.001811	0.011632	0.006234	-0.008625	0.020452	0.010743	0.013435	0.000404	-0.023373	-0.015400	0.006868	0.058556	0.044091	-0.004895	0.021122	-0.020830	0.035245	1.000000	-0.000901	0.006448	0.006652	0.014954	0.054119	0.025649	-0.031614	0.007258	0.012206	0.009202	0.006757	0.023962	0.004248	0.013553	0.010957	0.013488	-0.014587	-0.031712	0.003364	0.008092	0.006071	0.007347	0.001704	-0.007180	-0.028049	-0.017795	-0.002980	0.003770	-0.002710	0.003993	-0.015730	0.009273	-0.000883	0.008553	0.014955	-0.000758	-0.001920	-0.007485	0.004640	0.031547	-0.004302	0.002334	-0.009556	-0.015820	0.001861	0.003725	-0.012930	0.001632	-0.016200	0.011058	-0.002451	0.002632	0.003135	-0.001925	0.005204	-0.005343	0.013700	-0.008934	0.012538	-0.006474	0.017138	0.005288
0.000443	-0.014411	0.056056	0.038853	0.063848	0.029570	0.034337	0.042921	-0.000685	-0.016422	0.055133	0.019715	0.015043	0.025223	-0.001845	0.031996	-0.010748	-0.002628	0.020837	0.077889	0.006399	0.016942	0.011919	0.008476	0.056228	-0.004513	0.021448	0.021317	-0.000901	1.000000	0.001228	0.014042	0.013920	0.030962	0.000652	0.021397	0.033508	0.041979	0.026703	0.037656	0.035305	0.030643	-0.006251	0.068266	0.038302	0.025116	0.021227	-0.008886	0.002830	0.002933	0.009695	0.018579	-0.000742	0.003560	0.025534	-0.004112	0.001144	0.001978	0.000138	0.034021	0.034992	0.005163	0.034275	0.024342	0.009148	-0.002222	-0.014251	0.011800	-0.001993	0.005024	-0.005424	0.013474	-0.012272	0.000513	0.017805	-0.001701	-0.013358	-0.011445	0.024806	0.016942	-0.034485	0.011947	0.017553	0.002228	0.026312	0.006032	0.017152	0.017437	0.004167	0.000781	-0.008384
-0.001032	0.036284	0.017918	-0.019208	-0.000346	-0.015710	0.022421	-0.011932	0.008968	0.013324	0.037568	0.001960	0.004572	0.013089	-0.016031	0.029074	-0.013817	0.017201	0.001200	0.039348	0.024454	0.002308	0.040134	-0.032501	0.033013	-0.030731	0.017003	0.024281	0.006448	0.001228	1.000000	-0.043508	-0.023554	0.006854	0.009002	-0.014179	0.004707	0.049973	0.025007	0.030750	0.053695	0.039258	0.011021	0.036691	0.014558	0.009437	-0.011389	0.000073	0.028732	0.039218	-0.011062	-0.018458	-0.022245	-0.016479	-0.020618	0.027940	-0.011241	-0.012961	0.000581	-0.006345	0.037376	-0.002646	-0.009785	0.040572	-0.015324	-0.015539	0.011657	0.020154	-0.001913	0.003295	-0.002977	0.014123	0.023406	0.011656	-0.031760	-0.025456	0.009403	-0.002598	0.000291	0.026933	0.018685	0.002538	-0.003758	0.001204	0.018165	0.003273	-0.017784	0.017588	0.023884	-0.006041	-0.019173
-0.002192	0.042222	0.013800	0.000371	0.047529	-0.000290	0.044187	0.022996	-0.011204	0.004176	0.005571	0.001984	-0.001231	-0.015522	0.012868	0.043788	0.011907	0.030155	-0.003848	0.057826	-0.004463	0.007583	-0.013497	0.016863	0.026666	0.011969	0.022086	0.030070	0.006652	0.014042	-0.043508	1.000000	-0.018278	-0.008399	0.005933	0.041347	0.029196	0.027569	-0.014178	0.055936	0.036385	0.039950	-0.003668	0.048161	0.001410	-0.005264	-0.007786	0.013095	-0.028137	-0.003542	-0.002850	-0.013196	-0.010513	0.012196	-0.002714	0.016183	0.027885	0.003495	-0.003715	-0.005320	-0.002302	-0.002117	0.013195	0.009521	0.010244	-0.006372	-0.024718	0.010690	-0.001288	0.031499	0.010123	-0.001548	-0.015242	-0.005544	0.042526	0.008002	0.002774	0.006939	-0.037254	0.007966	0.001153	0.010980	0.016572	-0.005929	-0.012638	0.007780	0.038934	-0.008750	-0.020035	-0.015606	-0.015172
-0.000225	-0.000264	0.013071	0.002075	-0.023709	0.014613	0.039249	-0.018684	-0.005113	-0.006071	0.018302	-0.028152	0.019740	0.003317	0.021049	0.053875	0.011925	-0.000014	0.002436	-0.001760	0.006814	-0.013855	0.000821	-0.005413	0.005033	0.009684	0.022495	-0.000523	0.014954	0.013920	-0.023554	-0.018278	1.000000	-0.030373	0.027294	-0.004871	-0.009421	0.085833	0.014876	-0.007187	0.025821	0.025534	0.007479	0.005196	0.008870	-0.011508	0.003514	-0.025343	-0.010995	0.000928	0.006221	-0.002431	0.008823	-0.007154	0.002071	0.008998	0.003339	0.013551	-0.016298	0.024305	-0.015092	-0.002999	-0.001075	-0.014531	0.007845	-0.006432	-0.003605	0.000678	-0.006056	-0.005594	-0.001215	-0.000224	-0.014739	0.011170	-0.001832	0.006029	-0.034434	-0.014335	-0.017023	-0.014032	0.002710	0.003289	0.005335	0.022977	0.021280	0.010316	-0.010245	-0.017904	0.023181	0.024710	-0.006814
0.000533	0.057599	0.010385	0.003223	0.041816	-0.002377	0.014631	0.009592	0.005822	-0.002449	0.021447	0.011891	0.026689	-0.014191	-0.011580	0.053702	0.006200	0.028319	0.010940	0.045971	0.020452	0.002734	0.033605	-0.005018	0.041354	0.027647	-0.012381	0.037584	0.054119	0.030962	0.006854	-0.008399	-0.030373	1.000000	0.015755	-0.003516	0.009005	0.047410	-0.014067	0.041559	0.026123	0.014374	0.015452	0.030895	0.015992	0.018839	0.006867	0.017759	0.000272	0.019991	0.019626	-0.016310	-0.008670	-0.009552	-0.011115	-0.012429	-0.003874	-0.018142	0.043706	-0.006777	0.013126	0.007890	0.014240	0.013863	0.001220	-0.004216	-0.008298	0.005325	-0.004068	-0.022166	0.006271	0.015873	-0.019673	-0.000762	-0.000021	-0.018934	-0.009256	-0.010639	-0.011130	-0.003346	-0.020999	0.000237	-0.019109	-0.004742	0.020684	-0.010714	-0.000150	-0.009848	-0.004546	0.001400	-0.002090
-0.001181	0.044751	0.009002	-0.017837	-0.001971	0.003151	0.012490	-0.026043	-0.013068	0.022078	0.074049	0.003956	0.045395	0.012209	0.000393	0.023830	0.020059	0.026043	-0.000118	0.057987	0.044999	0.008273	0.038037	0.010078	0.039990	-0.018196	0.007307	-0.009985	0.025649	0.000652	0.009002	0.005933	0.027294	0.015755	1.000000	-0.005755	0.008832	0.075735	-0.003055	0.055525	0.032292	0.038337	0.015204	0.067471	0.013236	0.008030	-0.007513	0.015551	-0.004005	0.009383	-0.010083	-0.016755	-0.014039	-0.007981	-0.009641	-0.017861	-0.008587	-0.019123	-0.003798	0.015872	-0.024849	0.035747	0.007247	0.018618	0.000417	0.024437	0.014770	0.017480	0.023190	0.001893	0.039234	0.052867	-0.004752	0.000157	0.029148	-0.015398	-0.025072	-0.006226	0.012063	0.032669	0.010529	-0.012464	-0.003253	-0.000926	0.019292	-0.001309	-0.007002	0.010891	-0.002505	0.019431	0.006399
0.000683	0.004882	0.028870	0.016457	0.010612	-0.006654	-0.010350	0.014825	0.015671	0.023472	-0.014342	0.004994	0.023763	-0.009218	0.001986	0.009018	0.004929	-0.008309	-0.009032	0.070939	0.006861	0.003338	0.009312	-0.011558	-0.003306	0.007722	0.030388	0.007501	-0.031614	0.021397	-0.014179	0.041347	-0.004871	-0.003516	-0.005755	1.000000	0.018639	0.032926	-0.030435	0.034461	0.004797	-0.012318	0.003638	0.014354	0.021480	-0.002457	0.031084	0.012025	0.006811	0.010863	-0.025288	0.013665	0.013146	0.002015	0.004305	0.033915	0.029471	-0.011562	0.010885	0.026294	-0.004747	0.028169	-0.001066	-0.030666	0.008252	-0.027367	0.009708	0.004337	0.028845	0.012915	0.010390	-0.010013	0.010115	0.015113	-0.008508	-0.010199	0.004452	0.003626	-0.013282	0.044102	0.005107	0.001900	0.009297	-0.007792	0.014828	-0.008442	0.004490	0.007872	-0.001588	0.004780	0.001226
-0.001189	0.027726	0.011452	0.021972	-0.002456	0.031891	0.023541	-0.001305	0.048779	0.021846	0.015831	0.002516	0.029203	-0.004260	0.006884	0.015455	0.024277	0.010627	-0.013192	0.026099	-0.010916	-0.000687	-0.011763	-0.003074	0.018438	0.022188	-0.015926	0.002174	0.007258	0.033508	0.004707	0.029196	-0.009421	0.009005	0.008832	0.018639	1.000000	-0.043457	-0.003995	0.006680	-0.002196	-0.004537	0.009737	0.004410	-0.009730	-0.005033	0.002796	0.013736	0.015480	-0.018943	0.010359	0.010996	-0.000132	-0.007382	-0.025203	0.006428	0.025044	-0.003688	0.013566	0.024871	-0.009763	0.022638	0.004054	-0.002888	0.006462	0.021913	-0.004053	0.016784	-0.004278	0.008724	-0.004461	0.022410	0.012248	-0.019114	0.009611	-0.009026	0.006334	0.024738	-0.031789	0.000341	0.011012	-0.016112	-0.013312	0.016680	0.028589	-0.004532	0.005318	-0.011004	0.005216	0.002627	-0.013772
0.001382	0.005857	0.016216	0.023398	0.043924	0.034815	-0.008693	-0.020983	-0.004238	0.031222	0.060687	0.011668	0.047615	0.030992	0.025990	-0.011555	-0.016971	0.007857	-0.006694	0.030202	0.003192	0.000273	0.031927	0.027485	0.052450	0.026415	0.032883	0.020616	0.012206	0.041979	0.049973	0.027569	0.085833	0.047410	0.075735	0.032926	-0.043457	1.000000	-0.013024	0.015743	0.012643	0.031351	0.002731	0.066855	0.021783	0.006934	0.001948	0.016192	-0.010270	-0.011430	-0.011674	-0.009477	-0.012077	-0.021695	0.008585	0.001852	-0.003389	-0.004112	0.020334	-0.003953	0.014700	0.005119	-0.004993	-0.016110	0.002591	-0.017193	-0.018765	0.007030	0.015224	0.009603	-0.006681	0.014590	-0.021055	0.009567	-0.013587	-0.012098	0.007228	0.019489	-0.021393	0.027243	-0.016526	0.015953	0.001194	-0.014418	-0.008242	-0.022340	0.015599	0.006767	0.021764	0.026673	-0.002235
0.002788	0.034763	-0.013079	-0.012506	0.040625	0.005402	-0.010200	0.030766	-0.009765	-0.007611	-0.005019	-0.016205	0.014239	-0.009061	0.008477	0.013512	-0.033349	-0.002510	0.024087	-0.016593	-0.001102	-0.014906	0.001115	-0.010817	-0.009815	0.005102	-0.024999	0.031418	0.009202	0.026703	0.025007	-0.014178	0.014876	-0.014067	-0.003055	-0.030435	-0.003995	-0.013024	1.000000	-0.025077	0.008332	0.018895	-0.008019	-0.009964	-0.017211	-0.010112	-0.006400	0.006477	-0.010380	-0.026332	-0.022884	0.029741	-0.023305	0.002318	0.016120	-0.000801	-0.018449	-0.019787	0.002593	-0.004446	0.014102	-0.001183	-0.016232	0.003155	-0.001217	0.008013	-0.004444	0.000447	-0.009505	-0.022695	-0.004760	0.012221	-0.001430	0.018726	0.006786	-0.000663	0.040808	-0.027668	0.007767	-0.003626	-0.014360	0.002878	-0.006112	0.003433	-0.014678	-0.001649	-0.000727	0.015325	-0.009399	0.005513	0.009073
0.001180	0.048265	0.039996	0.047600	0.047444	0.003004	0.063373	0.029329	0.038783	0.003314	0.067775	0.044784	0.029020	-0.008562	-0.005468	0.004355	0.014931	0.008050	0.010012	0.012942	0.033635	0.042929	-0.009039	-0.008051	0.019989	0.020706	0.035363	0.025351	0.006757	0.037656	0.030750	0.055936	-0.007187	0.041559	0.055525	0.034461	0.006680	0.015743	-0.025077	1.000000	0.023120	0.049042	0.005918	0.037382	0.033716	0.064566	0.006869	-0.001273	-0.006390	0.001507	-0.004195	0.005566	-0.000673	0.007253	-0.028434	0.005127	0.012087	0.011331	0.005372	0.019549	-0.005070	0.004290	-0.003887	0.003619	0.001027	0.013100	-0.024016	0.018324	0.000194	-0.007417	-0.001983	-0.004683	-0.000094	-0.003275	0.009925	-0.011092	0.030176	-0.019067	-0.020402	-0.015836	0.003658	-0.006657	0.007391	0.015670	0.002800	-0.011287	0.001781	0.019040	0.004479	-0.006931	-0.004782
0.001508	0.009384	0.011661	-0.001945	0.014898	-0.012335	-0.002584	0.016010	0.009557	0.047348	0.017692	-0.016842	0.048680	-0.006767	0.007474	0.034035	0.019799	-0.013623	-0.004832	0.010414	0.021437	0.017739	0.005652	0.012148	0.019641	-0.005242	0.045555	0.031922	0.023962	0.035305	0.053695	0.036385	0.025821	0.026123	0.032292	0.004797	-0.002196	0.012643	0.008332	0.023120	1.000000	-0.023247	0.020061	0.037305	0.003713	0.010740	0.009932	0.001024	-0.012911	0.004878	0.016197	0.001418	0.005642	-0.005985	-0.017719	0.012693	0.004168	0.012807	-0.005717	0.008523	0.009219	0.027828	-0.014554	0.005463	-0.022322	-0.000152	-0.004511	-0.013177	-0.005643	0.011777	0.028611	0.005927	0.010507	-0.029722	-0.000905	0.003430	-0.001157	0.005662	-0.007071	0.005446	0.005455	-0.004833	-0.002166	-0.021394	0.003927	0.035392	-0.001768	-0.004734	0.026759	-0.026639	-0.012750
0.001239	0.030083	0.016875	0.004455	0.008782	-0.000933	0.081437	0.011894	-0.002934	0.019394	-0.002772	0.015437	0.023966	0.002553	0.006838	0.020752	-0.003119	0.014951	0.019750	0.009985	0.041706	0.004319	0.038686	0.044223	0.030256	0.041784	0.029359	0.020583	0.004248	0.030643	0.039258	0.039950	0.025534	0.014374	0.038337	-0.012318	-0.004537	0.031351	0.018895	0.049042	-0.023247	1.000000	0.061915	-0.002869	0.026805	0.017593	-0.001435	-0.000395	-0.005489	0.008777	0.004257	-0.024659	-0.007473	-0.007338	-0.009517	-0.010337	0.017826	0.000272	0.025476	0.008703	-0.001543	0.005587	0.005711	0.005910	0.017177	-0.002662	-0.016546	-0.002810	-0.004008	0.026953	-0.007384	0.004452	-0.020604	0.028660	0.034947	-0.018330	-0.001744	0.018517	0.003793	-0.027524	-0.008761	-0.004470	-0.015960	0.014269	-0.004797	-0.010792	0.021951	0.025720	-0.001070	0.008542	-0.022731
-0.001681	0.027755	0.013245	-0.003414	0.006725	-0.001654	0.003125	0.005389	-0.012043	-0.010614	0.005078	0.008701	-0.009047	-0.001505	-0.001865	0.022580	-0.019853	0.005622	-0.018533	0.031388	0.036578	-0.004831	-0.017192	0.019673	0.035432	0.005675	0.043046	-0.004993	0.013553	-0.006251	0.011021	-0.003668	0.007479	0.015452	0.015204	0.003638	0.009737	0.002731	-0.008019	0.005918	0.020061	0.061915	1.000000	0.053037	-0.019828	0.049009	-0.011470	0.010194	-0.002602	0.001536	0.018393	0.009910	0.024465	-0.002895	0.007400	-0.000707	0.020112	0.009055	0.005200	-0.012844	-0.002238	0.010622	0.011540	0.027042	-0.020500	-0.006509	-0.001729	-0.013819	0.018082	-0.005613	-0.004586	-0.013993	0.010913	0.012208	-0.009967	-0.000874	-0.026201	-0.007033	-0.001803	-0.032664	-0.005941	0.004554	-0.010255	0.027798	-0.012587	-0.003591	-0.004669	-0.011071	0.027483	0.016074	-0.026397
0.000043	0.068006	0.013027	0.008337	0.009829	-0.027265	0.081517	-0.001198	0.000103	0.051078	-0.009200	0.004590	-0.001833	-0.001219	0.007937	0.059997	-0.012408	0.020274	0.022390	0.028690	0.033090	0.033769	0.023632	0.029385	0.046583	0.056096	0.022590	0.019012	0.010957	0.068266	0.036691	0.048161	0.005196	0.030895	0.067471	0.014354	0.004410	0.066855	-0.009964	0.037382	0.037305	-0.002869	0.053037	1.000000	0.046131	-0.002126	-0.029906	0.003525	-0.008066	-0.002656	-0.002051	0.009378	-0.004803	-0.015962	0.027373	-0.019526	0.025722	0.003952	0.017578	0.003284	0.002259	-0.011061	0.004563	0.002309	-0.001649	0.032515	-0.007151	0.016127	-0.007219	-0.007021	0.021319	-0.003173	-0.029623	-0.019047	0.006812	0.033689	-0.032969	-0.007028	0.014822	0.017965	0.012458	0.002604	-0.018667	-0.002061	0.003742	-0.011721	0.034572	0.025965	0.002580	0.007031	0.023728
0.000227	0.022400	0.006221	-0.011662	0.014955	-0.008573	0.024076	-0.007986	-0.011356	0.031578	0.025286	-0.002297	-0.007097	-0.012150	-0.007821	0.045604	0.016317	-0.013606	0.016114	0.050374	0.044773	-0.010979	-0.010456	-0.000424	0.023288	0.020824	0.013062	0.040883	0.013488	0.038302	0.014558	0.001410	0.008870	0.015992	0.013236	0.021480	-0.009730	0.021783	-0.017211	0.033716	0.003713	0.026805	-0.019828	0.046131	1.000000	0.034741	-0.004470	0.010968	-0.002571	0.008896	0.006483	-0.012489	-0.019301	-0.001032	0.007838	0.001263	0.018538	0.011716	-0.006731	-0.007811	0.022337	-0.003735	-0.000632	-0.016777	0.005779	-0.009817	0.007501	0.025180	0.010882	0.000955	0.026285	-0.005061	-0.019440	0.027534	-0.009420	-0.001620	-0.002615	0.010820	-0.016173	-0.007289	0.003751	-0.019965	0.003196	0.002964	-0.000211	0.005918	0.008375	-0.006176	-0.024031	-0.009028	0.001342
-0.001251	0.018683	0.018534	0.009479	0.012058	-0.003086	0.045064	-0.000515	0.029825	-0.005268	0.032383	-0.016220	-0.000778	-0.012187	0.012254	0.040313	0.010346	-0.005917	-0.006607	0.030231	0.030334	0.024156	0.034651	0.009354	0.068996	0.017179	0.035350	0.038570	-0.014587	0.025116	0.009437	-0.005264	-0.011508	0.018839	0.008030	-0.002457	-0.005033	0.006934	-0.010112	0.064566	0.010740	0.017593	0.049009	-0.002126	0.034741	1.000000	-0.005692	0.000337	-0.029261	0.022192	0.017905	0.007118	0.006596	-0.003735	0.007695	-0.019656	-0.004250	0.003086	0.005974	0.017092	0.001311	-0.011382	0.025464	0.009442	-0.012895	-0.029085	-0.007563	0.006564	0.005725	0.004390	-0.024956	-0.004626	0.006251	-0.016911	0.010592	-0.009188	-0.008175	-0.009775	0.010487	-0.045269	0.013210	-0.001362	0.013223	-0.008592	0.003581	-0.010731	-0.033991	-0.008553	0.003040	0.015596	0.005262
