1.000000	-0.000640	-0.000663	-0.001362	-0.000042	-0.001456	0.000039	-0.001590	-0.003375	-0.001227	0.001108	-0.003429	0.000527	0.001249	0.000251	-0.000651	0.002316	-0.002418	0.001117	-0.001114	-0.001055	-0.002475	-0.000187	-0.001264	-0.001138	-0.000480	0.000397	-0.000022	-0.001146	0.001197	-0.000598	0.000237	0.000784	0.001242	0.000137	0.000066	0.000731	-0.000517	-0.000186	0.000140	-0.000234	0.000306	0.000414	0.000614	-0.001021	-0.002733	0.001284	0.000268	0.003041	0.001503	-0.000385	0.003287	-0.000665	-0.002585	0.001109	0.000913	-0.000835	-0.000463	-0.000962	-0.000105	0.000042	-0.001179	-0.001197	0.000265	0.001091	-0.000760	0.000172	0.000231	0.001130	0.002029	-0.000779	0.000472	0.001056	0.000046	0.001117	-0.001740	-0.000571	-0.000228	0.000952	0.002395	-0.000462	-0.003481	0.001452	-0.001346	0.001227	-0.000262	-0.001943	0.000264	-0.000963	0.001512	-0.001330
-0.000640	1.000000	0.595015	0.171297	0.590848	0.099897	0.619481	0.350008	0.075596	0.664230	0.588573	0.060431	0.392417	-0.025535	-0.168341	0.672640	0.070289	0.529313	0.457523	0.647419	0.633124	0.661792	0.628029	0.446279	0.512340	0.550866	0.668969	0.647322	0.675023	0.685141	0.507740	0.623549	0.556872	0.679248	0.456413	0.635386	0.501978	0.654871	0.390598	0.650507	0.695790	0.721650	0.639937	0.721064	0.200135	0.543271	0.037727	0.321231	0.102992	0.358779	-0.194266	0.079678	0.022611	-0.123094	0.045531	0.199811	-0.235535	0.072331	0.034843	-0.307259	-0.030416	0.189869	0.001059	0.538936	0.095846	0.020840	0.183079	0.005029	-0.103670	0.183189	-0.019029	0.228350	0.237833	0.102867	0.302673	-0.188417	0.243272	0.037108	0.290035	-0.084355	-0.099710	-0.004941	0.001346	-0.010675	0.115087	0.101837	0.091948	0.132595	0.059247	-0.067745	0.017828
-0.000663	0.595015	1.000000	0.233361	0.493056	0.150092	0.517720	0.336409	0.126105	0.588836	0.498394	0.105897	0.341036	0.030736	-0.108333	0.540035	0.089969	0.412581	0.408141	0.532434	0.525709	0.540274	0.492691	0.364515	0.382417	0.457058	0.544840	0.543700	0.557612	0.593873	0.373311	0.485325	0.482303	0.542760	0.341533	0.598251	0.441068	0.538394	0.346787	0.527238	0.563324	0.572071	0.506753	0.564416	0.115427	0.423055	0.025075	0.301234	0.156800	0.307936	-0.203974	0.072776	-0.015745	-0.124212	0.045663	0.197565	-0.200107	0.131483	0.110965	-0.251951	0.008931	0.194213	0.036739	0.440748	0.092514	0.001175	0.143891	-0.005388	-0.105146	0.177536	-0.018307	0.175983	0.201465	0.095821	0.229094	-0.150927	0.195285	0.048727	0.256442	-0.075637	-0.064392	0.008883	0.002804	-0.049436	0.116388	0.083992	0.085685	0.107457	0.058991	-0.040223	0.019450
-0.001362	0.171297	0.233361	1.000000	0.311546	0.351146	0.310967	0.446598	0.359179	0.287633	0.061046	0.379097	0.360918	0.365075	0.292774	0.049361	0.470462	0.118703	0.317269	-0.040525	0.237655	0.280070	0.125362	0.093050	-0.191832	0.136789	0.082017	0.277238	0.231751	0.067457	-0.083482	0.021677	0.374774	0.059863	-0.194579	0.181458	0.429184	0.049816	0.434183	-0.038660	0.149279	0.079624	0.020359	0.037681	-0.327376	-0.100954	-0.035061	0.152463	0.308585	0.109750	-0.021161	0.204968	0.090696	-0.023618	0.094478	-0.074612	0.103384	0.188347	0.361073	0.196841	0.085666	0.392539	-0.196891	0.032633	-0.121184	0.028072	0.078407	-0.243115	-0.370251	-0.001823	-0.253633	-0.103653	0.075636	0.000647	0.011125	-0.131883	0.000613	0.176692	0.148853	-0.283630	-0.088457	0.138556	0.050040	-0.035954	0.003237	0.037115	-0.023991	0.073098	-0.039657	-0.128392	0.040851
-0.000042	0.590848	0.493056	0.311546	1.000000	0.247121	0.591390	0.447695	0.239093	0.626730	0.478239	0.227491	0.471498	0.148115	0.025391	0.493945	0.261298	0.445577	0.493976	0.457284	0.562081	0.597990	0.499650	0.356739	0.274729	0.452471	0.517619	0.587209	0.586111	0.543935	0.304985	0.495123	0.563807	0.533767	0.217703	0.543509	0.558591	0.489553	0.494701	0.446625	0.573795	0.550214	0.453815	0.521481	-0.012505	0.323016	0.024700	0.321662	0.178007	0.369993	-0.136708	0.137259	0.060176	-0.086677	0.094998	0.106050	-0.119685	0.146257	0.151897	-0.158179	0.025528	0.324062	-0.089336	0.405164	0.032677	0.019641	0.190586	-0.095449	-0.234727	0.157596	-0.126800	0.133952	0.199453	0.092931	0.244160	-0.201082	0.181290	0.096474	0.273327	-0.179924	-0.076806	0.068124	0.024932	-0.021876	0.094539	0.082447	0.054078	0.134351	0.044076	-0.098523	0.039960
-0.001456	0.099897	0.150092	0.351146	0.247121	1.000000	0.273852	0.483176	0.458497	0.241739	-0.034852	0.479657	0.340616	0.410296	0.449976	-0.025456	0.469516	0.065819	0.314193	-0.133211	0.207962	0.257505	0.096470	0.072373	-0.284127	0.097712	-0.005623	0.242603	0.182728	-0.014033	-0.150286	-0.068814	0.367404	-0.035923	-0.270845	0.112320	0.427445	-0.018003	0.442106	-0.149274	0.102511	-0.001593	-0.062399	-0.046084	-0.425575	-0.207587	-0.049899	-0.017000	0.240669	0.071548	0.041142	0.220173	0.081393	-0.005348	0.086096	-0.155147	0.120662	0.077165	0.317461	0.214846	0.077458	0.344288	-0.277287	-0.062877	-0.195951	-0.006818	0.047151	-0.326811	-0.437778	-0.043982	-0.319511	-0.199337	0.022252	-0.035026	-0.085356	-0.151541	-0.086545	0.173370	0.090744	-0.331364	-0.124292	0.137010	0.003531	-0.012619	-0.080766	0.004492	-0.093554	0.028231	-0.090934	-0.160007	0.012640
0.000039	0.619481	0.517720	0.310967	0.591390	0.273852	1.000000	0.501181	0.292639	0.653252	0.470840	0.241237	0.497652	0.164331	0.041245	0.529116	0.268983	0.462265	0.523783	0.441564	0.604311	0.654512	0.529987	0.393787	0.265073	0.487435	0.537758	0.641868	0.630285	0.555130	0.312520	0.489987	0.645005	0.522406	0.222725	0.570420	0.599451	0.506146	0.526900	0.449587	0.613541	0.591860	0.485892	0.562326	-0.035153	0.331852	0.015014	0.263061	0.181381	0.337147	-0.155551	0.149977	0.042201	-0.111372	0.090032	0.104864	-0.149249	0.099598	0.146288	-0.169594	0.014831	0.314799	-0.119013	0.414313	0.002523	0.019208	0.178874	-0.117987	-0.271755	0.149842	-0.153223	0.110537	0.200255	0.078148	0.225459	-0.211369	0.163095	0.101769	0.291376	-0.204008	-0.112208	0.064496	0.005469	-0.025455	0.066632	0.077916	0.041563	0.136886	0.016889	-0.109446	0.027635
-0.001590	0.350008	0.336409	0.446598	0.447695	0.483176	0.501181	1.000000	0.489091	0.498060	0.186237	0.465846	0.482905	0.404857	0.334940	0.190630	0.479430	0.261305	0.503417	0.084395	0.430703	0.495304	0.308109	0.224464	-0.114575	0.304461	0.229537	0.485845	0.429808	0.231484	0.019866	0.149302	0.579953	0.205269	-0.127394	0.346791	0.616974	0.177284	0.598552	0.075781	0.350739	0.246485	0.153042	0.194600	-0.358638	-0.019802	-0.040691	0.106478	0.264786	0.186950	-0.060912	0.231885	0.076030	-0.078239	0.103676	-0.077290	0.008106	0.092055	0.283632	0.069732	0.047149	0.399142	-0.283832	0.135419	-0.167675	0.004537	0.113772	-0.317647	-0.475644	0.022411	-0.338092	-0.107420	0.105461	-0.000554	0.024170	-0.221785	0.020793	0.179288	0.197459	-0.341147	-0.157389	0.114670	0.000316	-0.028588	-0.030189	0.036160	-0.061790	0.088712	-0.081682	-0.181784	0.012754
-0.003375	0.075596	0.126105	0.359179	0.239093	0.458497	0.292639	0.489091	1.000000	0.229516	-0.067719	0.473617	0.331651	0.448295	0.444716	-0.070989	0.486552	0.055115	0.313925	-0.171661	0.171937	0.231700	0.054097	0.066800	-0.326604	0.073428	-0.037949	0.235832	0.156908	-0.053132	-0.198753	-0.093626	0.362585	-0.063348	-0.317489	0.110585	0.418984	-0.067742	0.435406	-0.185384	0.072509	-0.032313	-0.104107	-0.081171	-0.460531	-0.240449	-0.056087	-0.035166	0.247388	0.057786	0.045897	0.225625	0.086757	0.007366	0.085908	-0.173637	0.130164	0.083722	0.310541	0.233909	0.064245	0.370342	-0.293807	-0.089381	-0.219539	0.014356	0.043061	-0.327765	-0.465071	-0.058423	-0.347980	-0.232089	0.007968	-0.064840	-0.096154	-0.136892	-0.097331	0.189765	0.083714	-0.350645	-0.134911	0.146301	0.007678	-0.016902	-0.086542	-0.026598	-0.101537	0.025110	-0.099037	-0.169196	0.007350
-0.001227	0.664230	0.588836	0.287633	0.626730	0.241739	0.653252	0.498060	0.229516	1.000000	0.504214	0.197224	0.463185	0.114047	-0.013973	0.585856	0.212971	0.489477	0.528538	0.512278	0.638792	0.677972	0.579673	0.406317	0.321536	0.526536	0.596415	0.673780	0.663261	0.597112	0.368661	0.537578	0.621978	0.583428	0.287658	0.604140	0.595419	0.567278	0.513428	0.506955	0.664636	0.630676	0.542892	0.618780	0.017591	0.392268	0.011925	0.289041	0.160206	0.343940	-0.175276	0.142142	0.051107	-0.120259	0.087929	0.145831	-0.176112	0.088227	0.124079	-0.218449	0.003677	0.282292	-0.086136	0.455503	0.011696	0.021732	0.184675	-0.093144	-0.236978	0.171629	-0.127045	0.152518	0.221200	0.087524	0.253899	-0.215242	0.189651	0.093526	0.305967	-0.186485	-0.110629	0.039438	-0.007745	-0.026599	0.075033	0.092549	0.069485	0.143388	0.030589	-0.114922	0.029080
0.001108	0.588573	0.498394	0.061046	0.478239	-0.034852	0.470840	0.186237	-0.067719	0.504214	1.000000	-0.067437	0.313429	-0.155461	-0.253002	0.586624	-0.029638	0.484527	0.320883	0.620318	0.501383	0.486550	0.518850	0.361247	0.548347	0.459521	0.579981	0.483491	0.523416	0.631918	0.474189	0.550014	0.385508	0.595845	0.512308	0.506241	0.338059	0.600528	0.218030	0.622134	0.568548	0.618273	0.562019	0.615616	0.293640	0.514904	-0.020513	0.326280	0.007793	0.338637	-0.205458	-0.004078	-0.020831	-0.141302	0.012324	0.206569	-0.252942	0.065976	-0.067962	-0.340687	-0.058970	0.118927	0.110926	0.487342	0.151654	0.007410	0.124052	0.103640	0.024372	0.191528	0.074486	0.255466	0.187895	0.092734	0.288628	-0.116115	0.222210	-0.029964	0.226254	0.028470	-0.039241	-0.069531	-0.018851	-0.015813	0.139933	0.081241	0.110810	0.090731	0.068837	0.007592	0.004026
-0.003429	0.060431	0.105897	0.379097	0.227491	0.479657	0.241237	0.465846	0.473617	0.197224	-0.067437	1.000000	0.320040	0.436762	0.386940	-0.062712	0.470109	0.029428	0.281896	-0.166067	0.166882	0.191177	0.043423	0.041871	-0.317047	0.065895	-0.046201	0.196807	0.133965	-0.058589	-0.184920	-0.104124	0.322751	-0.076546	-0.300509	0.080187	0.388224	-0.075058	0.405883	-0.175541	0.051934	-0.044216	-0.102105	-0.092154	-0.426569	-0.230883	-0.049110	-0.017032	0.279357	0.068289	0.055252	0.225058	0.099888	0.030256	0.116689	-0.155848	0.137320	0.085336	0.305480	0.244770	0.071923	0.364000	-0.281571	-0.089014	-0.198782	0.005677	0.053696	-0.313825	-0.429118	-0.048778	-0.327771	-0.212473	0.025997	-0.023404	-0.083635	-0.147278	-0.081213	0.161861	0.076023	-0.328879	-0.110324	0.167014	0.016028	-0.020207	-0.092677	-0.012499	-0.095742	0.059668	-0.088663	-0.177235	0.008302
0.000527	0.392417	0.341036	0.360918	0.471498	0.340616	0.497652	0.482905	0.331651	0.463185	0.313429	0.320040	1.000000	0.254612	0.221968	0.290649	0.352162	0.354952	0.425913	0.187467	0.409994	0.466406	0.336156	0.238336	0.038264	0.303893	0.299893	0.446229	0.417634	0.303022	0.120520	0.237894	0.508221	0.285089	0.010777	0.370694	0.519051	0.287372	0.468670	0.204630	0.375286	0.314006	0.227148	0.282499	-0.193326	0.109790	-0.003722	0.239377	0.250724	0.267544	-0.101392	0.183585	0.056259	-0.088122	0.094193	0.041029	-0.021155	0.151215	0.279208	-0.013027	0.055933	0.362429	-0.169536	0.228758	-0.046282	0.023525	0.112186	-0.160470	-0.315758	0.083828	-0.189448	-0.008319	0.145954	0.048815	0.117195	-0.166801	0.087455	0.117919	0.223545	-0.226806	-0.083934	0.074035	0.034011	-0.031378	0.071292	0.065553	0.013301	0.106938	0.007187	-0.108077	0.033117
0.001249	-0.025535	0.030736	0.365075	0.148115	0.410296	0.164331	0.404857	0.448295	0.114047	-0.155461	0.436762	0.254612	1.000000	0.436964	-0.132758	0.464255	-0.055042	0.234802	-0.236855	0.070649	0.129892	-0.031970	-0.040064	-0.366959	-0.002072	-0.124743	0.125874	0.056250	-0.144767	-0.247210	-0.159966	0.244905	-0.148599	-0.349063	-0.003772	0.329160	-0.136976	0.345337	-0.260155	-0.024987	-0.128255	-0.170736	-0.167142	-0.426809	-0.276667	-0.034575	-0.069006	0.274932	0.036345	0.066549	0.212929	0.094775	0.059032	0.097959	-0.168948	0.198361	0.157481	0.357605	0.337113	0.094564	0.353162	-0.252431	-0.150102	-0.189716	0.028025	0.040751	-0.280700	-0.388424	-0.068964	-0.301085	-0.209638	0.000306	-0.033733	-0.093857	-0.109161	-0.093848	0.179065	0.068112	-0.284376	-0.102589	0.181939	0.025472	-0.023319	-0.086250	0.009448	-0.080364	0.060381	-0.083602	-0.160317	0.031481
0.000251	-0.168341	-0.108333	0.292774	0.025391	0.449976	0.041245	0.334940	0.444716	-0.013973	-0.253002	0.386940	0.221968	0.436964	1.000000	-0.266154	0.455868	-0.128451	0.130623	-0.357058	-0.031909	0.008278	-0.137769	-0.099962	-0.457187	-0.117370	-0.253996	-0.002880	-0.066538	-0.273534	-0.333472	-0.283429	0.147588	-0.267897	-0.438168	-0.128811	0.222690	-0.274990	0.279844	-0.377878	-0.154600	-0.263362	-0.292525	-0.294461	-0.482714	-0.383662	-0.066746	-0.116060	0.201324	-0.051830	0.131212	0.201833	0.104123	0.066446	0.082638	-0.226099	0.242348	0.061045	0.355833	0.378517	0.077776	0.280707	-0.281873	-0.266522	-0.222300	0.015062	-0.002807	-0.330169	-0.401359	-0.111628	-0.326601	-0.281843	-0.053583	-0.080566	-0.182107	-0.091948	-0.155925	0.167983	-0.016035	-0.310308	-0.068311	0.150212	0.010024	0.004895	-0.113279	-0.034201	-0.115051	-0.015459	-0.103194	-0.135644	0.002786
-0.000651	0.672640	0.540035	0.049361	0.493945	-0.025456	0.529116	0.190630	-0.070989	0.585856	0.586624	-0.062712	0.290649	-0.132758	-0.266154	1.000000	-0.061979	0.493493	0.346318	0.675019	0.573381	0.568336	0.595193	0.416215	0.598171	0.529850	0.679908	0.565916	0.609402	0.687540	0.557843	0.645212	0.440634	0.685021	0.553025	0.581600	0.343332	0.659848	0.253485	0.689280	0.656485	0.713468	0.671242	0.723935	0.353004	0.626623	0.075806	0.342839	0.039341	0.355124	-0.175453	0.034650	0.010895	-0.103705	0.044592	0.272050	-0.238743	0.062874	-0.039590	-0.348721	-0.017142	0.093361	0.103184	0.545517	0.177911	0.035700	0.184220	0.125989	0.046301	0.225704	0.104553	0.307022	0.238500	0.137505	0.345269	-0.142894	0.270092	-0.003062	0.288487	0.030199	-0.026054	-0.014337	0.016453	-0.003162	0.159616	0.119843	0.143224	0.142272	0.105592	-0.013858	0.026527
0.002316	0.070289	0.089969	0.470462	0.261298	0.469516	0.268983	0.479430	0.486552	0.212971	-0.029638	0.470109	0.352162	0.464255	0.455868	-0.061979	1.000000	0.028113	0.320494	-0.177018	0.184159	0.226448	0.051694	0.046141	-0.331196	0.074473	-0.039246	0.217568	0.146968	-0.056889	-0.190524	-0.088137	0.350797	-0.066013	-0.318884	0.093737	0.424003	-0.063251	0.439911	-0.187315	0.054705	-0.034331	-0.099974	-0.084251	-0.433732	-0.237882	-0.055592	0.033654	0.332656	0.135870	0.034663	0.257493	0.117293	0.031802	0.117780	-0.161797	0.201241	0.132965	0.386068	0.251338	0.087308	0.393925	-0.216783	-0.056178	-0.167479	0.027743	0.091503	-0.304415	-0.438001	-0.027388	-0.319921	-0.171315	0.045618	-0.013399	-0.039865	-0.152869	-0.070518	0.211548	0.110540	-0.334288	-0.091383	0.190713	0.031521	-0.027913	-0.059276	0.027406	-0.052695	0.078683	-0.075278	-0.173044	0.032407
-0.002418	0.529313	0.412581	0.118703	0.445577	0.065819	0.462265	0.261305	0.055115	0.489477	0.484527	0.029428	0.354952	-0.055042	-0.128451	0.493493	0.028113	1.000000	0.338763	0.478975	0.475200	0.481612	0.527061	0.432396	0.409431	0.414460	0.502575	0.477721	0.502102	0.540438	0.398225	0.451638	0.412097	0.499293	0.362142	0.500018	0.369712	0.488759	0.304006	0.482868	0.509855	0.533644	0.464591	0.525166	0.139048	0.406209	-0.041982	0.267514	0.025373	0.247767	-0.210015	0.005991	-0.058276	-0.157626	-0.006988	0.147313	-0.211797	0.046683	-0.004928	-0.279624	-0.029619	0.138504	0.050723	0.425782	0.063187	-0.021465	0.083006	-0.000062	-0.064472	0.149613	-0.021057	0.130241	0.138464	0.054450	0.209822	-0.132683	0.144922	-0.015277	0.185510	0.008562	-0.063487	-0.081217	-0.037045	-0.009495	0.079346	0.020599	0.039319	0.034045	0.008090	-0.031783	-0.018528
0.001117	0.457523	0.408141	0.317269	0.493976	0.314193	0.523783	0.503417	0.313925	0.528538	0.320883	0.281896	0.425913	0.234802	0.130623	0.346318	0.320494	0.338763	1.000000	0.269339	0.485739	0.533744	0.411100	0.331538	0.116579	0.383979	0.379504	0.533786	0.496675	0.386457	0.166615	0.317370	0.542101	0.372867	0.061445	0.450900	0.536741	0.334713	0.494510	0.267876	0.444922	0.398444	0.314372	0.370746	-0.149984	0.167881	-0.013821	0.160556	0.163247	0.237163	-0.132736	0.156875	0.027113	-0.103231	0.079633	0.036658	-0.088459	0.081805	0.172612	-0.076566	0.027455	0.296534	-0.162513	0.273690	-0.058389	-0.005438	0.121810	-0.178888	-0.312905	0.099241	-0.216077	0.021610	0.141933	0.023111	0.123817	-0.188721	0.101356	0.108880	0.228621	-0.239540	-0.107764	0.053095	-0.009788	-0.043138	0.031640	0.049049	0.002641	0.087019	-0.020337	-0.113750	0.021387
-0.001114	0.647419	0.532434	-0.040525	0.457284	-0.133211	0.441564	0.084395	-0.171661	0.512278	0.620318	-0.166067	0.187467	-0.236855	-0.357058	0.675019	-0.177018	0.478975	0.269339	1.000000	0.504592	0.492392	0.565699	0.421361	0.666965	0.497839	0.661276	0.493770	0.560359	0.708408	0.591634	0.649623	0.331032	0.689709	0.607657	0.577132	0.254158	0.668685	0.134629	0.717528	0.636346	0.706555	0.674897	0.723538	0.445237	0.653540	0.079050	0.340198	-0.010206	0.322994	-0.181435	-0.022223	-0.023069	-0.112287	0.014426	0.297688	-0.282170	0.035828	-0.121422	-0.396015	-0.056973	-0.001425	0.165752	0.559146	0.243253	0.026818	0.160274	0.192930	0.127079	0.228772	0.170130	0.356649	0.211772	0.123959	0.343293	-0.098263	0.279793	-0.051021	0.239826	0.109785	-0.001797	-0.063309	0.005768	0.001157	0.168818	0.116540	0.160351	0.115199	0.116263	0.028373	0.021981
-0.001055	0.633124	0.525709	0.237655	0.562081	0.207962	0.604311	0.430703	0.171937	0.638792	0.501383	0.166882	0.409994	0.070649	-0.031909	0.573381	0.184159	0.475200	0.485739	0.504592	1.000000	0.638058	0.602584	0.401335	0.335442	0.502127	0.565710	0.664451	0.625924	0.582628	0.383907	0.500893	0.582701	0.556465	0.331584	0.568029	0.537683	0.546829	0.460459	0.499515	0.625563	0.620119	0.547695	0.596881	0.083942	0.410138	0.003734	0.263431	0.135064	0.325914	-0.160156	0.125007	0.044499	-0.117742	0.069992	0.134877	-0.171973	0.077522	0.081088	-0.220345	0.005356	0.239623	-0.061354	0.441745	0.027101	0.025242	0.160709	-0.069793	-0.199211	0.151763	-0.103589	0.162057	0.207713	0.071190	0.243764	-0.196608	0.187316	0.083635	0.281742	-0.143571	-0.102994	0.012641	-0.004602	-0.010938	0.087465	0.100599	0.063351	0.132848	0.027590	-0.090437	0.013869
-0.002475	0.661792	0.540274	0.280070	0.597990	0.257505	0.654512	0.495304	0.231700	0.677972	0.486550	0.191177	0.466406	0.129892	0.008278	0.568336	0.226448	0.481612	0.533744	0.492392	0.638058	1.000000	0.569510	0.410983	0.311725	0.517701	0.601277	0.668886	0.672016	0.590984	0.356470	0.504536	0.634719	0.566996	0.271814	0.588204	0.595862	0.535528	0.501916	0.497371	0.633927	0.620746	0.513769	0.600791	0.004123	0.391266	0.026190	0.265789	0.153722	0.328330	-0.155848	0.145215	0.057955	-0.119510	0.083385	0.122163	-0.165075	0.073297	0.116635	-0.195011	-0.007412	0.274578	-0.100795	0.454834	0.015044	0.023445	0.169688	-0.102920	-0.251239	0.150650	-0.133930	0.134160	0.218516	0.081859	0.252955	-0.215355	0.187603	0.084537	0.304271	-0.188431	-0.113637	0.038161	0.003803	-0.020131	0.081043	0.084324	0.054934	0.140642	0.034422	-0.108702	0.019541
-0.000187	0.628029	0.492691	0.125362	0.499650	0.096470	0.529987	0.308109	0.054097	0.579673	0.518850	0.043423	0.336156	-0.031970	-0.137769	0.595193	0.051694	0.527061	0.411100	0.565699	0.602584	0.569510	1.000000	0.401011	0.423254	0.479426	0.572720	0.577619	0.612589	0.604762	0.465039	0.533601	0.494220	0.584715	0.404528	0.552267	0.429895	0.563354	0.347795	0.556639	0.609141	0.627258	0.555655	0.620278	0.179458	0.488869	0.017648	0.271087	0.062770	0.297527	-0.188800	0.043411	-0.004086	-0.132098	0.014520	0.162287	-0.209516	0.041853	0.001496	-0.297375	-0.043365	0.125359	-0.004419	0.457247	0.086061	0.005787	0.123450	0.006532	-0.085065	0.154147	-0.011096	0.166245	0.151704	0.056218	0.233940	-0.161145	0.183252	-0.005042	0.224548	-0.022746	-0.078319	-0.037194	-0.025873	-0.013640	0.102389	0.054004	0.061357	0.079085	0.033573	-0.045006	-0.002306
-0.001264	0.446279	0.364515	0.093050	0.356739	0.072373	0.393787	0.224464	0.066800	0.406317	0.361247	0.041871	0.238336	-0.040064	-0.099962	0.416215	0.046141	0.432396	0.331538	0.421361	0.401335	0.410983	0.401011	1.000000	0.317397	0.332538	0.407369	0.412593	0.464545	0.445065	0.278256	0.383541	0.360281	0.421680	0.295541	0.432769	0.301541	0.415030	0.242738	0.403544	0.429081	0.451677	0.388987	0.449436	0.125211	0.336859	-0.008825	0.151429	0.031802	0.162121	-0.184530	-0.006984	-0.059539	-0.121294	-0.047381	0.099456	-0.201717	0.003676	-0.020873	-0.227833	-0.036823	0.087769	-0.017284	0.309683	0.019988	-0.034213	0.056503	-0.012508	-0.072005	0.086609	-0.055253	0.068214	0.060231	-0.004823	0.105343	-0.112468	0.099029	-0.043236	0.114429	-0.021717	-0.107966	-0.072921	-0.040038	-0.025504	0.037927	-0.003737	-0.009801	-0.005348	-0.018982	-0.037843	-0.030635
-0.001138	0.512340	0.382417	-0.191832	0.274729	-0.284127	0.265073	-0.114575	-0.326604	0.321536	0.548347	-0.317047	0.038264	-0.366959	-0.457187	0.598171	-0.331196	0.409431	0.116579	0.666965	0.335442	0.311725	0.423254	0.317397	1.000000	0.384511	0.556928	0.300893	0.385274	0.614034	0.595498	0.559507	0.137864	0.578596	0.657953	0.407014	0.057427	0.599375	-0.059580	0.679604	0.487080	0.595915	0.616745	0.636381	0.565389	0.663770	0.085569	0.290904	-0.107375	0.242349	-0.160103	-0.110560	-0.052477	-0.084860	-0.013401	0.325182	-0.272342	0.007301	-0.222970	-0.422013	-0.066275	-0.128267	0.259557	0.496635	0.260109	0.024223	0.119965	0.284039	0.288759	0.209267	0.276022	0.369681	0.174553	0.130049	0.335901	-0.031985	0.261540	-0.109085	0.172624	0.235850	0.049897	-0.098012	0.003568	0.019169	0.175346	0.097278	0.167626	0.082380	0.129875	0.078742	0.010071
-0.000480	0.550866	0.457058	0.136789	0.452471	0.097712	0.487435	0.304461	0.073428	0.526536	0.459521	0.065895	0.303893	-0.002072	-0.117370	0.529850	0.074473	0.414460	0.383979	0.497839	0.502127	0.517701	0.479426	0.332538	0.384511	1.000000	0.504271	0.546603	0.553227	0.538749	0.343477	0.468791	0.455093	0.510139	0.336257	0.506848	0.392711	0.506825	0.328721	0.479285	0.533758	0.561021	0.493248	0.545832	0.149033	0.428291	0.014857	0.207158	0.055278	0.266912	-0.166400	0.015182	-0.025159	-0.134868	0.000720	0.130829	-0.202307	0.023761	0.015422	-0.256051	-0.034181	0.135722	-0.023417	0.379689	0.049108	-0.034596	0.099341	0.000436	-0.100433	0.139113	-0.043650	0.150103	0.129885	0.046267	0.172215	-0.130882	0.144938	-0.004094	0.185588	-0.046544	-0.115118	-0.031523	-0.031410	-0.026053	0.060127	0.038796	0.035727	0.054614	0.005088	-0.056937	-0.007182
0.000397	0.668969	0.544840	0.082017	0.517619	-0.005623	0.537758	0.229537	-0.037949	0.596415	0.579981	-0.046201	0.299893	-0.124743	-0.253996	0.679908	-0.039246	0.502575	0.379504	0.661276	0.565710	0.601277	0.572720	0.407369	0.556928	0.504271	1.000000	0.563952	0.615536	0.690885	0.525610	0.637736	0.468833	0.660357	0.501585	0.597142	0.369743	0.663122	0.275951	0.685306	0.667364	0.700657	0.658266	0.703211	0.312193	0.600403	0.069634	0.320877	0.038425	0.328604	-0.189512	0.017420	-0.005686	-0.127747	0.021997	0.241309	-0.254221	0.047612	-0.048703	-0.352272	-0.035665	0.106383	0.069152	0.551161	0.155968	0.025250	0.164788	0.090525	0.011295	0.215057	0.087528	0.264492	0.216054	0.113782	0.320888	-0.148240	0.258727	-0.013713	0.274202	-0.001215	-0.042963	-0.035227	0.004160	-0.008685	0.144769	0.094275	0.123352	0.117124	0.101877	-0.007162	0.011146
-0.000022	0.647322	0.543700	0.277238	0.587209	0.242603	0.641868	0.485845	0.235832	0.673780	0.483491	0.196807	0.446229	0.125874	-0.002880	0.565916	0.217568	0.477721	0.533786	0.493770	0.664451	0.668886	0.577619	0.412593	0.300893	0.546603	0.563952	1.000000	0.665677	0.584657	0.357338	0.508914	0.632603	0.565442	0.268510	0.590857	0.577465	0.529602	0.516716	0.483305	0.635769	0.616363	0.527081	0.584241	0.029219	0.400104	0.016589	0.267160	0.146791	0.319659	-0.175587	0.138553	0.043479	-0.118442	0.078166	0.119784	-0.174188	0.074624	0.126323	-0.209251	-0.000329	0.268004	-0.095919	0.455868	0.012105	0.006071	0.165448	-0.112206	-0.249298	0.158790	-0.142423	0.129508	0.205656	0.059874	0.234846	-0.211261	0.179984	0.101102	0.291389	-0.201377	-0.106758	0.032549	-0.002582	-0.021880	0.082287	0.086979	0.054648	0.132305	0.014479	-0.105269	0.026381
-0.001146	0.675023	0.557612	0.231751	0.586111	0.182728	0.630285	0.429808	0.156908	0.663261	0.523416	0.133965	0.417634	0.056250	-0.066538	0.609402	0.146968	0.502102	0.496675	0.560359	0.625924	0.672016	0.612589	0.464545	0.385274	0.553227	0.615536	0.665677	1.000000	0.634057	0.399644	0.549503	0.597669	0.631616	0.363892	0.600603	0.534324	0.590537	0.454086	0.554669	0.665763	0.658056	0.580503	0.647856	0.106899	0.436058	0.040896	0.297204	0.121942	0.337962	-0.178365	0.108570	0.028008	-0.118140	0.068843	0.161154	-0.201236	0.073991	0.074894	-0.244483	-0.009461	0.223829	-0.056046	0.479159	0.051434	0.024865	0.172505	-0.050748	-0.186648	0.171281	-0.078057	0.174626	0.214174	0.093779	0.264114	-0.205438	0.200527	0.065485	0.293306	-0.134405	-0.089471	0.018357	0.011922	-0.022216	0.085145	0.083209	0.079661	0.135792	0.037552	-0.097476	0.012896
0.001197	0.685141	0.593873	0.067457	0.543935	-0.014033	0.555130	0.231484	-0.053132	0.597112	0.631918	-0.058589	0.303022	-0.144767	-0.273534	0.687540	-0.056889	0.540438	0.386457	0.708408	0.582628	0.590984	0.604762	0.445065	0.614034	0.538749	0.690885	0.584657	0.634057	1.000000	0.538475	0.636609	0.449486	0.686103	0.539642	0.628906	0.384207	0.678586	0.281555	0.704647	0.686240	0.733878	0.670986	0.744109	0.318939	0.608026	0.065722	0.340538	0.035378	0.349890	-0.204475	0.007335	-0.019090	-0.139897	0.031984	0.267260	-0.258963	0.064824	-0.053341	-0.377032	-0.022198	0.099284	0.122936	0.575205	0.181961	0.015060	0.169598	0.118984	0.023848	0.242844	0.085753	0.305624	0.230203	0.121738	0.332182	-0.117062	0.267597	-0.013679	0.279834	0.058966	-0.010139	-0.032486	0.015566	-0.019541	0.171491	0.111188	0.149737	0.123434	0.103427	0.006861	0.031643
-0.000598	0.507740	0.373311	-0.083482	0.304985	-0.150286	0.312520	0.019866	-0.198753	0.368661	0.474189	-0.184920	0.120520	-0.247210	-0.333472	0.557843	-0.190524	0.398225	0.166615	0.591634	0.383907	0.356470	0.465039	0.278256	0.595498	0.343477	0.525610	0.357338	0.399644	0.538475	1.000000	0.466111	0.220195	0.503207	0.528945	0.389533	0.180329	0.553981	0.093483	0.598891	0.504294	0.566456	0.546705	0.587363	0.407473	0.542570	0.061874	0.263926	-0.043829	0.236417	-0.154663	-0.053334	-0.040893	-0.090091	-0.028358	0.247801	-0.232669	-0.003620	-0.149587	-0.355948	-0.063942	-0.034761	0.160065	0.457055	0.191938	0.001751	0.119069	0.156650	0.159556	0.170450	0.176308	0.268118	0.158681	0.104233	0.258089	-0.080437	0.202703	-0.082348	0.153675	0.152491	0.010602	-0.072492	-0.001373	0.002094	0.125189	0.076468	0.108555	0.069737	0.095474	0.039648	-0.030565
0.000237	0.623549	0.485325	0.021677	0.495123	-0.068814	0.489987	0.149302	-0.093626	0.537578	0.550014	-0.104124	0.237894	-0.159966	-0.283429	0.645212	-0.088137	0.451638	0.317370	0.649623	0.500893	0.504536	0.533601	0.383541	0.559507	0.468791	0.637736	0.508914	0.549503	0.636609	0.466111	1.000000	0.371361	0.632254	0.499584	0.539566	0.290583	0.631109	0.200082	0.669506	0.616441	0.658452	0.612622	0.679966	0.345719	0.572430	0.078077	0.312770	0.011063	0.316473	-0.178637	0.003219	-0.008803	-0.108339	0.034618	0.253150	-0.242424	0.047628	-0.063739	-0.354277	-0.030984	0.065082	0.111014	0.526319	0.179134	0.030457	0.162064	0.146684	0.068890	0.215561	0.112812	0.296495	0.219406	0.125466	0.331356	-0.116863	0.277598	-0.021580	0.252242	0.043375	-0.019579	-0.034452	0.001949	0.000871	0.159095	0.103856	0.150595	0.123353	0.117461	0.008288	0.034817
0.000784	0.556872	0.482303	0.374774	0.563807	0.367404	0.645005	0.579953	0.362585	0.621978	0.385508	0.322751	0.508221	0.244905	0.147588	0.440634	0.350797	0.412097	0.542101	0.331032	0.582701	0.634719	0.494220	0.360281	0.137864	0.455093	0.468833	0.632603	0.597669	0.449486	0.220195	0.371361	1.000000	0.424037	0.105606	0.515871	0.637004	0.429855	0.587077	0.320027	0.554597	0.485228	0.399305	0.446236	-0.156318	0.224844	-0.013479	0.208868	0.183672	0.296348	-0.141700	0.193419	0.063742	-0.122678	0.087308	0.044778	-0.108298	0.090548	0.206778	-0.094647	0.020013	0.348711	-0.190358	0.337228	-0.071485	0.014453	0.159059	-0.205707	-0.371032	0.090633	-0.229017	0.035347	0.177867	0.041285	0.158534	-0.234115	0.122108	0.138387	0.275821	-0.289184	-0.144178	0.065769	0.004679	-0.023642	0.039206	0.071039	0.005067	0.121446	-0.021236	-0.149593	0.021631
0.001242	0.679248	0.542760	0.059863	0.533767	-0.035923	0.522406	0.205269	-0.063348	0.583428	0.595845	-0.076546	0.285089	-0.148599	-0.267897	0.685021	-0.066013	0.499293	0.372867	0.689709	0.556465	0.566996	0.584715	0.421680	0.578596	0.510139	0.660357	0.565442	0.631616	0.686103	0.503207	0.632254	0.424037	1.000000	0.515176	0.585910	0.351354	0.670820	0.242678	0.705150	0.662290	0.706093	0.654519	0.710636	0.326907	0.610710	0.078177	0.335440	0.020929	0.344692	-0.195367	0.009300	-0.003964	-0.128968	0.032773	0.263865	-0.251788	0.055575	-0.052251	-0.363154	-0.016763	0.078836	0.093699	0.557372	0.176623	0.023838	0.169454	0.124182	0.034244	0.233277	0.078286	0.307788	0.231789	0.126269	0.337515	-0.138006	0.275413	-0.008888	0.284377	0.021195	-0.026877	-0.039640	0.004000	-0.004808	0.162401	0.102496	0.137990	0.127656	0.109106	0.004464	0.033926
0.000137	0.456413	0.341533	-0.194579	0.217703	-0.270845	0.222725	-0.127394	-0.317489	0.287658	0.512308	-0.300509	0.010777	-0.349063	-0.438168	0.553025	-0.318884	0.362142	0.061445	0.607657	0.331584	0.271814	0.404528	0.295541	0.657953	0.336257	0.501585	0.268510	0.363892	0.539642	0.528945	0.499584	0.105606	0.515176	1.000000	0.365595	0.016533	0.556096	-0.071531	0.631827	0.448915	0.551112	0.537809	0.580905	0.538089	0.585879	0.081299	0.251250	-0.117849	0.190316	-0.166200	-0.148601	-0.079288	-0.097766	-0.061884	0.276996	-0.278000	-0.003133	-0.230490	-0.405847	-0.096086	-0.143495	0.264218	0.436362	0.248913	-0.001561	0.069441	0.293504	0.294200	0.177785	0.278129	0.347186	0.115284	0.089261	0.269992	0.012486	0.226462	-0.150854	0.110507	0.264907	0.035594	-0.115587	0.001805	-0.007140	0.166220	0.058250	0.134739	0.026320	0.105228	0.106953	-0.009671
0.000066	0.635386	0.598251	0.181458	0.543509	0.112320	0.570420	0.346791	0.110585	0.604140	0.506241	0.080187	0.370694	-0.003772	-0.128811	0.581600	0.093737	0.500018	0.450900	0.577132	0.568029	0.588204	0.552267	0.432769	0.407014	0.506848	0.597142	0.590857	0.600603	0.628906	0.389533	0.539566	0.515871	0.585910	0.365595	1.000000	0.458610	0.584387	0.381439	0.558596	0.612601	0.615891	0.540404	0.610122	0.140467	0.450130	0.010651	0.276166	0.107039	0.303458	-0.209417	0.048354	-0.025634	-0.154729	0.015643	0.170736	-0.237376	0.069788	0.031026	-0.283177	-0.014066	0.165372	-0.001040	0.468192	0.076971	-0.010125	0.121891	-0.021625	-0.118961	0.174598	-0.039164	0.172680	0.188218	0.059906	0.225913	-0.177392	0.202805	0.022139	0.252134	-0.051921	-0.045248	-0.025421	-0.009973	-0.029056	0.107569	0.070986	0.052836	0.085322	0.051069	-0.043463	0.014840
0.000731	0.501978	0.441068	0.429184	0.558591	0.427445	0.599451	0.616974	0.418984	0.595419	0.338059	0.388224	0.519051	0.329160	0.222690	0.343332	0.424003	0.369712	0.536741	0.254158	0.537683	0.595862	0.429895	0.301541	0.057427	0.392711	0.369743	0.577465	0.534324	0.384207	0.180329	0.290583	0.637004	0.351354	0.016533	0.458610	1.000000	0.323614	0.598803	0.219706	0.486823	0.401125	0.309613	0.355247	-0.236078	0.128500	-0.012142	0.189374	0.245521	0.263408	-0.111630	0.214226	0.071863	-0.079225	0.104969	-0.006921	-0.044236	0.124076	0.265443	-0.016902	0.029370	0.409911	-0.218547	0.263725	-0.096121	0.016201	0.137794	-0.245518	-0.405269	0.077094	-0.274003	-0.023199	0.158934	0.030038	0.118944	-0.223076	0.085435	0.149413	0.242730	-0.307767	-0.138654	0.100714	0.015962	-0.017458	0.016002	0.050312	-0.019891	0.110023	-0.036729	-0.158589	0.029725
-0.000517	0.654871	0.538394	0.049816	0.489553	-0.018003	0.506146	0.177284	-0.067742	0.567278	0.600528	-0.075058	0.287372	-0.136976	-0.274990	0.659848	-0.063251	0.488759	0.334713	0.668685	0.546829	0.535528	0.563354	0.415030	0.599375	0.506825	0.663122	0.529602	0.590537	0.678586	0.553981	0.631109	0.429855	0.670820	0.556096	0.584387	0.323614	1.000000	0.220404	0.678050	0.640008	0.696079	0.644160	0.702066	0.337049	0.611644	0.056861	0.342236	0.036481	0.359186	-0.173757	0.030494	0.001678	-0.094606	0.033072	0.270737	-0.224053	0.070776	-0.046132	-0.335800	-0.027836	0.092278	0.113804	0.530924	0.175495	0.032715	0.176873	0.133453	0.047811	0.205332	0.107512	0.301939	0.232176	0.139725	0.340486	-0.141307	0.263982	-0.006822	0.263079	0.037430	-0.018347	-0.026826	0.011811	-0.009746	0.158334	0.110571	0.136412	0.139419	0.106737	-0.005991	0.023266
-0.000186	0.390598	0.346787	0.434183	0.494701	0.442106	0.526900	0.598552	0.435406	0.513428	0.218030	0.405883	0.468670	0.345337	0.279844	0.253485	0.439911	0.304006	0.494510	0.134629	0.460459	0.501916	0.347795	0.242738	-0.059580	0.328721	0.275951	0.516716	0.454086	0.281555	0.093483	0.200082	0.587077	0.242678	-0.071531	0.381439	0.598803	0.220404	1.000000	0.115192	0.390644	0.300761	0.210386	0.250210	-0.310489	0.017642	-0.034617	0.132910	0.230940	0.207062	-0.084786	0.224263	0.068177	-0.069000	0.088874	-0.055078	-0.023079	0.089192	0.255151	0.026259	0.034762	0.377204	-0.262917	0.179396	-0.136069	-0.002201	0.121298	-0.292194	-0.432514	0.043210	-0.315445	-0.082690	0.127449	-0.010206	0.056608	-0.225299	0.029039	0.164858	0.209505	-0.323558	-0.145574	0.094812	0.003076	-0.019670	-0.019549	0.024571	-0.049018	0.085798	-0.055493	-0.156522	0.011577
0.000140	0.650507	0.527238	-0.038660	0.446625	-0.149274	0.449587	0.075781	-0.185384	0.506955	0.622134	-0.175541	0.204630	-0.260155	-0.377878	0.689280	-0.187315	0.482868	0.267876	0.717528	0.499515	0.497371	0.556639	0.403544	0.679604	0.479285	0.685306	0.483305	0.554669	0.704647	0.598891	0.669506	0.320027	0.705150	0.631827	0.558596	0.219706	0.678050	0.115192	1.000000	0.631969	0.710773	0.669783	0.738859	0.466937	0.682190	0.078024	0.349442	-0.024159	0.324168	-0.195675	-0.036222	-0.026638	-0.112409	0.011852	0.310630	-0.286355	0.048257	-0.125375	-0.412698	-0.052006	-0.000071	0.178344	0.572152	0.231220	0.025370	0.159249	0.204632	0.148257	0.228441	0.178841	0.350572	0.226576	0.138837	0.359049	-0.107097	0.291894	-0.062333	0.252528	0.125625	0.002660	-0.073456	0.004562	-0.003461	0.177614	0.105334	0.162634	0.116374	0.134510	0.038483	0.018651
-0.000234	0.695790	0.563324	0.149279	0.573795	0.102511	0.613541	0.350739	0.072509	0.664636	0.568548	0.051934	0.375286	-0.024987	-0.154600	0.656485	0.054705	0.509855	0.444922	0.636346	0.625563	0.633927	0.609141	0.429081	0.487080	0.533758	0.667364	0.635769	0.665763	0.686240	0.504294	0.616441	0.554597	0.662290	0.448915	0.612601	0.486823	0.640008	0.390644	0.631969	1.000000	0.698177	0.650282	0.697406	0.190737	0.522269	0.053572	0.320385	0.084980	0.348951	-0.178979	0.070313	0.014499	-0.128108	0.061445	0.210191	-0.223198	0.066276	0.025455	-0.301376	-0.007478	0.166755	0.019071	0.528910	0.102913	0.022821	0.183426	0.020551	-0.095467	0.200252	-0.011942	0.243246	0.236691	0.112459	0.305740	-0.166881	0.240646	0.037371	0.300184	-0.062493	-0.057349	0.006953	0.016657	-0.009296	0.130855	0.103320	0.105701	0.142299	0.074047	-0.054777	0.031587
0.000306	0.721650	0.572071	0.079624	0.550214	-0.001593	0.591860	0.246485	-0.032313	0.630676	0.618273	-0.044216	0.314006	-0.128255	-0.263362	0.713468	-0.034331	0.533644	0.398444	0.706555	0.620119	0.620746	0.627258	0.451677	0.595915	0.561021	0.700657	0.616363	0.658056	0.733878	0.566456	0.658452	0.485228	0.706093	0.551112	0.615891	0.401125	0.696079	0.300761	0.710773	0.698177	1.000000	0.699855	0.752015	0.320933	0.616679	0.063982	0.342182	0.045594	0.360786	-0.198775	0.033272	0.006579	-0.119132	0.042639	0.258240	-0.255117	0.059142	-0.044408	-0.363253	-0.033581	0.113672	0.082094	0.567274	0.158943	0.019461	0.186554	0.095065	-0.002228	0.218220	0.062114	0.300942	0.241978	0.128419	0.346848	-0.164024	0.276401	-0.001667	0.289766	0.000751	-0.048721	-0.029345	0.004681	-0.003428	0.146493	0.106604	0.127056	0.140487	0.091968	-0.025677	0.020655
0.000414	0.639937	0.506753	0.020359	0.453815	-0.062399	0.485892	0.153042	-0.104107	0.542892	0.562019	-0.102105	0.227148	-0.170736	-0.292525	0.671242	-0.099974	0.464591	0.314372	0.674897	0.547695	0.513769	0.555655	0.388987	0.616745	0.493248	0.658266	0.527081	0.580503	0.670986	0.546705	0.612622	0.399305	0.654519	0.537809	0.540404	0.309613	0.644160	0.210386	0.669783	0.650282	0.699855	1.000000	0.705497	0.355724	0.608709	0.086935	0.329513	0.016997	0.337272	-0.163223	0.008741	0.005588	-0.102951	0.036577	0.274172	-0.251098	0.040349	-0.081658	-0.355433	-0.030255	0.058493	0.125282	0.541107	0.197690	0.026121	0.179731	0.149213	0.071828	0.226555	0.124705	0.325911	0.234731	0.131554	0.344987	-0.117581	0.274114	-0.012452	0.264698	0.047474	-0.009827	-0.029035	0.015677	-0.000086	0.163459	0.126588	0.160709	0.146501	0.114219	0.006523	0.025463
0.000614	0.721064	0.564416	0.037681	0.521481	-0.046084	0.562326	0.194600	-0.081171	0.618780	0.615616	-0.092154	0.282499	-0.167142	-0.294461	0.723935	-0.084251	0.525166	0.370746	0.723538	0.596881	0.600791	0.620278	0.449436	0.636381	0.545832	0.703211	0.584241	0.647856	0.744109	0.587363	0.679966	0.446236	0.710636	0.580905	0.610122	0.355247	0.702066	0.250210	0.738859	0.697406	0.752015	0.705497	1.000000	0.362943	0.640424	0.073676	0.347160	0.019397	0.359151	-0.195083	0.014417	-0.001707	-0.125443	0.033708	0.283207	-0.271293	0.040368	-0.067037	-0.382667	-0.042009	0.076677	0.110760	0.583190	0.182503	0.035923	0.181734	0.129957	0.048599	0.230697	0.107381	0.315980	0.246500	0.134935	0.356157	-0.143751	0.280809	-0.017069	0.282928	0.036633	-0.034447	-0.032755	0.007892	-0.007942	0.156938	0.116741	0.155504	0.137903	0.103396	-0.003846	0.022132
-0.001021	0.200135	0.115427	-0.327376	-0.012505	-0.425575	-0.035153	-0.358638	-0.460531	0.017591	0.293640	-0.426569	-0.193326	-0.426809	-0.482714	0.353004	-0.433732	0.139048	-0.149984	0.445237	0.083942	0.004123	0.179458	0.125211	0.565389	0.149033	0.312193	0.029219	0.106899	0.318939	0.407473	0.345719	-0.156318	0.326907	0.538089	0.140467	-0.236078	0.337049	-0.310489	0.466937	0.190737	0.320933	0.355724	0.362943	1.000000	0.518019	0.100279	0.174237	-0.185819	0.111166	-0.064521	-0.173113	-0.054767	-0.014770	-0.042813	0.295684	-0.189518	-0.031218	-0.268568	-0.342746	-0.053374	-0.251292	0.346512	0.308923	0.298857	0.025806	0.045927	0.388213	0.470058	0.162439	0.394862	0.363383	0.094467	0.119878	0.252050	0.084749	0.219943	-0.156325	0.047496	0.343484	0.119264	-0.110845	0.021265	0.011227	0.173683	0.076100	0.174619	0.042320	0.150841	0.164803	0.016782
-0.002733	0.543271	0.423055	-0.100954	0.323016	-0.207587	0.331852	-0.019802	-0.240449	0.392268	0.514904	-0.230883	0.109790	-0.276667	-0.383662	0.626623	-0.237882	0.406209	0.167881	0.653540	0.410138	0.391266	0.488869	0.336859	0.663770	0.428291	0.600403	0.400104	0.436058	0.608026	0.542570	0.572430	0.224844	0.610710	0.585879	0.450130	0.128500	0.611644	0.017642	0.682190	0.522269	0.616679	0.608709	0.640424	0.518019	1.000000	0.090272	0.301499	-0.049131	0.281606	-0.147561	-0.049252	-0.012972	-0.084907	0.007654	0.314355	-0.243458	0.027399	-0.146891	-0.390248	-0.050786	-0.056954	0.208845	0.506206	0.234125	0.035514	0.147547	0.251949	0.229619	0.214218	0.224158	0.362968	0.199879	0.160070	0.344211	-0.065251	0.272997	-0.071188	0.215297	0.161867	0.025454	-0.063591	0.014499	0.005015	0.174776	0.104345	0.171799	0.118530	0.153740	0.062786	0.008599
0.001284	0.037727	0.025075	-0.035061	0.024700	-0.049899	0.015014	-0.040691	-0.056087	0.011925	-0.020513	-0.049110	-0.003722	-0.034575	-0.066746	0.075806	-0.055592	-0.041982	-0.013821	0.079050	0.003734	0.026190	0.017648	-0.008825	0.085569	0.014857	0.069634	0.016589	0.040896	0.065722	0.061874	0.078077	-0.013479	0.078177	0.081299	0.010651	-0.012142	0.056861	-0.034617	0.078024	0.053572	0.063982	0.086935	0.073676	0.100279	0.090272	1.000000	0.087369	0.012393	0.028459	0.048115	-0.102388	0.058551	0.027337	-0.024314	0.098419	0.018922	0.043100	-0.007712	-0.008095	0.118721	-0.046397	0.084414	0.115936	0.225978	-0.002985	0.136265	0.172758	0.129409	0.241161	0.168913	0.159098	0.085416	0.051753	0.085176	0.136275	0.187841	-0.025319	0.148516	0.158053	0.022609	0.097889	0.135893	0.031046	0.244969	0.103834	0.245762	0.062937	0.237106	0.147175	0.167242
