1.000000	-0.004408	-0.003223	-0.001102	0.002381	-0.001158	0.000684	-0.002136	-0.000423	-0.002920	-0.001460	0.000848	0.001460	-0.000139	0.001547	0.000376	-0.001269	0.001165	-0.000274	0.002870	-0.003046	0.001053	-0.000374	0.000352	-0.002402	-0.001267	0.001446	-0.001138	-0.001125	-0.001066	-0.001241	-0.001544	0.000056	0.000685	-0.001145	-0.001796	-0.003224	-0.002065	-0.000699	-0.002228	-0.003638	0.003386	-0.002047	0.000588	-0.002489	0.002497	-0.000839	0.001945	0.000620	-0.003893	0.001687	-0.001923	0.001300	-0.001605	-0.000660	0.002491	-0.002245	-0.002855	-0.000288	-0.000635	0.002826	0.003870	-0.001540	0.000354	0.001948	0.000582	-0.000603	-0.000251	-0.001175	0.002900	-0.003490	-0.002999	0.000716	-0.002855	0.000355	0.000889	-0.000507	-0.002773	0.001745	0.002668	-0.002344	-0.000579	0.000304	0.002688	0.002066	0.002364	0.000175	-0.001046	-0.001395	0.004560	0.001000
-0.004408	1.000000	0.180878	0.096197	0.217442	0.084308	0.179439	0.159278	0.098401	0.230911	0.203309	0.103783	0.131948	0.084473	0.054535	0.242460	0.094467	0.165888	0.081285	0.273363	0.175184	0.211559	0.208721	0.088141	0.221792	0.157025	0.240118	0.199208	0.211245	0.213497	0.183540	0.211028	0.163867	0.270134	0.196107	0.216302	0.242814	0.205525	0.169760	0.274187	0.251792	0.337451	0.241347	0.325597	0.096733	0.198199	-0.019874	0.064392	0.063928	0.065473	-0.006140	0.019810	0.002349	-0.020458	-0.002627	-0.013052	-0.003097	0.027126	0.044254	-0.002337	-0.020764	0.116088	-0.094192	0.093212	-0.013176	-0.002576	-0.009420	-0.058189	-0.035156	-0.005777	-0.056120	0.015304	0.024601	-0.014063	0.025594	-0.074916	0.029198	0.005656	0.011058	-0.027343	-0.073338	0.009170	0.012521	-0.017343	-0.008972	-0.006621	0.019284	-0.005738	-0.023049	0.011841	0.007931
-0.003223	0.180878	1.000000	0.132674	0.064075	0.115602	0.097800	0.096435	0.083414	0.178633	0.136191	0.088506	0.067376	0.086196	0.004946	0.178248	0.037674	0.075939	0.076731	0.218697	0.095587	0.124442	0.101014	0.065397	0.140871	0.131572	0.157631	0.106745	0.114788	0.238623	0.108295	0.103083	0.094977	0.118496	0.123321	0.221629	0.132047	0.158919	0.054796	0.221526	0.144211	0.177736	0.136039	0.150156	0.043386	0.104864	-0.011755	0.080436	0.117133	0.064668	-0.026121	-0.008170	-0.001759	-0.024120	-0.002893	0.065747	-0.001364	0.115327	0.096253	-0.027176	-0.022191	0.100738	0.059569	0.058617	-0.006766	-0.021356	0.008772	-0.015387	-0.047825	0.025589	-0.021343	-0.005072	-0.015237	0.000173	-0.017919	-0.021321	0.026354	-0.017518	-0.019867	-0.002897	-0.038895	-0.004468	0.005752	-0.000527	0.021296	-0.009258	0.005411	-0.024384	0.002290	-0.010019	-0.013688
-0.001102	0.096197	0.132674	1.000000	0.128581	0.031466	0.091272	0.100901	0.024922	0.125593	0.052403	0.069196	0.084268	0.053201	0.022497	0.043159	0.140839	0.030591	0.092205	0.050618	0.047686	0.099298	0.046845	0.020957	0.003176	0.031292	0.066331	0.093782	0.110871	0.089015	0.030282	0.045025	0.097623	0.045394	0.007610	0.066966	0.131173	0.068985	0.094555	0.100449	0.093204	0.100922	0.040935	0.075790	-0.019649	0.035242	-0.001475	0.109922	0.119071	0.037578	0.014261	-0.007409	0.021742	-0.005071	0.007090	0.011014	0.037422	0.096926	0.127130	0.076920	0.036011	0.137795	-0.031643	0.025954	0.003745	-0.037086	0.026699	-0.030226	-0.035545	0.015036	-0.038151	-0.021912	0.007533	-0.015299	0.028478	-0.005411	-0.004033	0.007440	0.011355	-0.026390	-0.007404	0.032472	-0.004854	0.015433	0.012615	0.013223	-0.001746	0.001380	-0.004256	0.005537	0.034202
0.002381	0.217442	0.064075	0.128581	1.000000	0.087468	0.164189	0.068698	0.098106	0.211806	0.216261	0.129624	0.124508	0.074547	0.073430	0.137228	0.135509	0.112770	0.092094	0.230373	0.096685	0.137839	0.123640	0.065502	0.134265	0.097833	0.142478	0.138122	0.159433	0.209204	0.067692	0.187632	0.110129	0.246778	0.088207	0.134549	0.143678	0.151013	0.168120	0.198244	0.199847	0.201813	0.157657	0.194064	0.018496	0.153262	-0.024316	0.133251	0.050242	0.129941	0.006535	-0.010450	-0.004163	0.001630	0.009464	0.007520	0.033969	0.096225	0.066591	0.024061	-0.016266	0.127122	-0.036640	0.069493	0.035764	-0.009064	0.008847	-0.016831	-0.042578	0.019962	-0.041521	-0.001994	0.020498	0.007693	0.053625	-0.049002	0.018574	-0.001535	0.033481	-0.042519	-0.016925	0.009443	0.023338	-0.000875	0.025042	-0.019720	-0.000512	0.010749	0.000051	0.016493	-0.005370
-0.001158	0.084308	0.115602	0.031466	0.087468	1.000000	0.088509	0.143970	0.053107	0.127732	-0.000888	0.156502	0.075107	0.062984	0.134641	0.086413	0.089249	0.028919	0.039231	0.016685	0.070232	0.115742	0.061213	0.023444	-0.040002	0.022885	0.058049	0.085339	0.089463	0.027996	0.009585	0.028148	0.120574	0.056059	-0.019816	0.045349	0.151806	0.065078	0.085439	-0.000948	0.100818	0.059496	0.022728	0.069121	-0.045072	0.006563	-0.010049	0.007762	0.057118	0.054486	0.041125	0.052771	0.026627	0.000765	0.035234	0.006887	0.028932	0.012801	0.039255	0.040636	-0.000557	0.077942	-0.046584	-0.001203	-0.023450	-0.013977	0.022107	-0.022903	-0.062834	0.026611	-0.074415	-0.025551	-0.003933	-0.015445	0.008574	-0.032628	0.001193	0.006604	-0.028121	-0.044266	0.016882	0.029714	-0.010630	0.011029	0.007636	0.000001	0.001769	0.002955	-0.001958	-0.005862	0.003501
0.000684	0.179439	0.097800	0.091272	0.164189	0.088509	1.000000	0.101604	0.146976	0.187014	0.125386	0.101546	0.134104	0.131907	0.105608	0.174481	0.095082	0.098619	0.088361	0.130831	0.136858	0.201644	0.130643	0.069967	0.084670	0.129285	0.170088	0.174299	0.180503	0.186739	0.052111	0.228074	0.215221	0.160161	0.061796	0.144044	0.198349	0.184787	0.125179	0.168158	0.211459	0.278496	0.164361	0.250423	0.002386	0.113792	-0.006013	0.026696	0.059374	0.077816	-0.005461	0.022208	0.010720	-0.008604	0.013949	0.007644	0.002910	0.030836	0.084082	0.042379	0.022109	0.115648	-0.048287	0.065792	-0.006757	-0.011255	0.008045	-0.034993	-0.061927	0.025963	-0.051076	0.009753	0.009816	-0.004211	0.037348	-0.065753	0.021580	-0.005201	0.025477	-0.072615	-0.021761	0.034812	-0.011599	-0.019248	-0.006119	-0.008678	-0.003400	0.007554	-0.015558	0.004263	0.018583
-0.002136	0.159278	0.096435	0.100901	0.068698	0.143970	0.101604	1.000000	0.130372	0.217430	0.038487	0.121878	0.082715	0.138399	0.118439	0.085134	0.128970	0.101035	0.083675	0.065652	0.125622	0.195835	0.096908	0.043748	-0.012733	0.072058	0.108468	0.148639	0.184513	0.164356	0.011181	0.042950	0.172992	0.137836	0.009536	0.118749	0.217184	0.098386	0.156095	0.089532	0.188840	0.149455	0.078099	0.111720	-0.073340	0.060124	0.006611	0.001323	0.045135	0.053015	0.031009	0.032317	0.009404	0.001302	0.011671	-0.023508	0.041655	0.000468	0.063522	0.038660	0.009126	0.078003	-0.081605	0.023830	-0.022628	-0.007712	0.014106	-0.041386	-0.104953	-0.003161	-0.062205	-0.044279	-0.024150	-0.035438	-0.002402	-0.028895	-0.000390	0.001508	0.047463	-0.051535	-0.011693	0.036719	0.019016	-0.016574	0.004040	0.014924	-0.005296	0.008875	-0.014276	0.008334	0.007556
-0.000423	0.098401	0.083414	0.024922	0.098106	0.053107	0.146976	0.130372	1.000000	0.114130	0.004151	0.060042	0.071886	0.080060	0.109123	0.013153	0.076871	0.052206	0.053186	0.007824	0.092704	0.136862	0.032694	0.010468	-0.059888	0.043768	0.045527	0.116221	0.099717	0.038678	0.002581	0.033240	0.102579	0.045976	-0.008161	0.057371	0.127010	0.024344	0.113211	0.048458	0.104033	0.081045	0.044010	0.035544	-0.090646	0.014579	0.008537	-0.020867	0.022580	0.013177	0.049799	0.023037	0.006944	0.017296	-0.013673	-0.000605	0.039607	0.005921	0.042105	0.033161	-0.008288	0.071705	-0.030787	0.010808	-0.027832	-0.009838	0.003082	-0.032446	-0.080576	-0.021589	-0.066136	-0.010154	-0.007355	-0.005715	-0.016287	-0.017545	-0.009521	0.003050	0.001130	-0.050804	-0.026617	0.037418	0.012321	-0.021298	-0.047139	-0.010275	-0.008717	0.003011	-0.023664	-0.035227	-0.013056
-0.002920	0.230911	0.178633	0.125593	0.211806	0.127732	0.187014	0.217430	0.114130	1.000000	0.144922	0.114993	0.126191	0.123907	0.088138	0.208995	0.123338	0.120033	0.106342	0.159226	0.171182	0.245514	0.148492	0.102822	0.084454	0.144694	0.195917	0.204057	0.211121	0.186491	0.098690	0.165062	0.161679	0.238472	0.094321	0.149947	0.208699	0.209703	0.155915	0.146416	0.273162	0.292242	0.173561	0.281626	-0.003645	0.112188	-0.005800	0.050451	0.056664	0.056947	0.028277	0.019149	0.010186	-0.002901	0.006792	-0.005551	-0.004067	0.013599	0.093591	0.032596	-0.022444	0.115071	-0.068998	0.047092	-0.015731	0.008402	-0.006043	-0.054235	-0.094896	0.001240	-0.074982	-0.000497	0.011261	-0.005490	-0.007546	-0.049978	0.016384	-0.002130	0.018576	-0.062722	-0.011090	0.012050	0.017995	0.013657	0.009755	-0.007662	0.019888	0.003361	-0.014710	0.002455	-0.011899
-0.001460	0.203309	0.136191	0.052403	0.216261	-0.000888	0.125386	0.038487	0.004151	0.144922	1.000000	0.017313	0.179287	0.036204	0.000653	0.172431	0.058639	0.134635	0.021311	0.233304	0.091770	0.113159	0.113412	0.081691	0.255287	0.108674	0.170919	0.093457	0.124070	0.243329	0.117229	0.141434	0.057908	0.176353	0.247590	0.118805	0.174633	0.239502	0.052987	0.250045	0.166673	0.204939	0.154809	0.203164	0.077943	0.151725	-0.041081	0.113839	0.035668	0.120395	-0.032691	-0.015322	-0.009966	-0.008174	-0.010634	-0.015107	-0.010309	0.074010	0.029538	-0.034570	-0.036510	0.128867	0.035841	0.075602	0.026238	-0.013198	-0.009217	0.009960	0.014873	0.019350	-0.031839	0.036769	0.019257	-0.009883	0.042163	-0.021556	0.012565	-0.021628	0.017325	-0.011789	-0.070663	-0.020758	0.001808	-0.018315	0.006660	-0.012768	-0.006792	0.003105	-0.010284	0.014552	-0.009627
0.000848	0.103783	0.088506	0.069196	0.129624	0.156502	0.101546	0.121878	0.060042	0.114993	0.017313	1.000000	0.083640	0.079233	0.030269	0.054789	0.100637	0.041060	0.022101	0.072727	0.093401	0.091813	0.051614	0.008024	-0.030890	0.044493	0.057328	0.099929	0.081053	0.059482	-0.012429	0.034625	0.112618	0.055684	0.003729	0.072955	0.133619	0.030482	0.075944	0.077554	0.091399	0.077424	0.044120	0.048669	-0.014649	0.025238	-0.000700	0.008964	0.051800	0.048561	0.036804	0.022542	0.031458	0.034881	0.003028	-0.016201	0.023602	-0.002843	0.044861	0.040118	0.010055	0.096836	-0.018905	0.002627	0.003501	-0.012606	0.016558	-0.017792	-0.050317	0.009388	-0.061437	-0.017345	0.008847	-0.027764	-0.021366	0.003670	-0.016423	0.005335	0.005296	-0.034198	-0.004573	0.046360	0.023233	0.012359	-0.010701	-0.018599	-0.007136	0.013015	-0.014156	0.008314	0.001231
0.001460	0.131948	0.067376	0.084268	0.124508	0.075107	0.134104	0.082715	0.071886	0.126191	0.179287	0.083640	1.000000	0.037685	0.119956	0.143697	0.048935	0.137448	0.047967	0.064383	0.101825	0.136924	0.083305	0.055889	0.060872	0.056579	0.129133	0.109487	0.104098	0.107878	0.063390	0.088625	0.113840	0.086230	0.070473	0.091736	0.156151	0.131962	0.066827	0.156071	0.144703	0.120157	0.084180	0.107879	-0.025529	0.083222	0.004938	0.129443	0.097508	0.087869	-0.006695	-0.016754	0.022058	0.010383	-0.012991	0.060913	0.028183	0.069768	0.132336	0.015348	-0.000198	0.130933	-0.033960	0.038143	0.019643	0.003534	0.018273	-0.006815	-0.030491	0.008817	-0.039577	0.008164	0.008268	-0.011517	0.007978	-0.006065	-0.009579	0.011537	0.048979	-0.005580	-0.022048	0.030637	0.015884	-0.006053	0.023986	-0.009575	0.017261	-0.031615	-0.011141	0.008487	0.031921
-0.000139	0.084473	0.086196	0.053201	0.074547	0.062984	0.131907	0.138399	0.080060	0.123907	0.036204	0.079233	0.037685	1.000000	0.083073	0.077153	0.080548	0.040132	0.053758	0.016780	0.067375	0.126826	0.050896	0.027858	-0.001397	0.054796	0.066978	0.079498	0.082605	0.038930	-0.013649	0.042099	0.115798	0.054926	-0.029950	0.061660	0.109005	0.054489	0.084975	-0.002721	0.064177	0.078486	0.060977	0.041663	-0.059150	0.034229	0.019927	-0.013448	0.131089	0.015414	0.022962	0.059719	0.013599	0.003112	0.001121	-0.001093	0.029946	0.085286	0.087053	0.128738	0.035474	0.133984	-0.020653	-0.022107	-0.025757	-0.025251	-0.000050	-0.027310	-0.063717	0.014047	-0.052410	-0.008806	0.001319	-0.036935	-0.007379	-0.007986	0.019886	0.007908	-0.012663	-0.052115	0.010577	0.041837	-0.012010	-0.003375	0.013558	-0.001641	0.006959	0.020471	-0.005745	0.006029	0.002652
0.001547	0.054535	0.004946	0.022497	0.073430	0.134641	0.105608	0.118439	0.109123	0.088138	0.000653	0.030269	0.119956	0.083073	1.000000	0.023261	0.123896	0.026297	0.014891	0.003591	0.061583	0.121642	0.021738	0.000359	-0.032541	0.016465	0.049036	0.064293	0.090312	0.026095	-0.020312	0.015700	0.100680	0.028846	-0.039917	0.028986	0.132721	0.003808	0.088776	-0.039808	0.097224	0.018864	0.002276	0.027461	-0.080480	-0.012184	0.009988	-0.011197	0.070357	0.036966	0.030284	0.015492	0.014933	-0.000478	0.008421	-0.020277	0.028948	0.027523	0.098998	0.084133	0.028486	0.055668	-0.037576	0.009399	0.006489	-0.016421	0.019974	-0.032214	-0.050441	0.019508	-0.038151	0.003380	-0.004499	-0.020508	0.027688	-0.016599	-0.004498	0.031634	0.030254	-0.033484	-0.003580	0.041351	0.024406	0.003111	0.026893	-0.000500	0.021413	0.004232	0.013564	0.014213	0.014597
0.000376	0.242460	0.178248	0.043159	0.137228	0.086413	0.174481	0.085134	0.013153	0.208995	0.172431	0.054789	0.143697	0.077153	0.023261	1.000000	0.036730	0.142173	0.056304	0.220021	0.141560	0.175573	0.218970	0.130043	0.246361	0.158477	0.227609	0.203613	0.173939	0.225090	0.175998	0.215438	0.141878	0.269507	0.234475	0.174214	0.141733	0.161977	0.084015	0.254236	0.208321	0.271426	0.241569	0.267546	0.133576	0.209863	0.013167	0.034867	0.045706	0.059418	-0.018974	0.004434	0.026298	-0.012230	0.010688	0.011907	-0.017483	0.030110	0.050123	0.005046	-0.035254	0.075670	0.005949	0.077509	0.005031	-0.012912	0.003093	0.003091	-0.001607	0.003791	0.000868	0.037308	0.031427	-0.005243	0.042838	-0.043110	0.029467	-0.012521	0.042887	0.001263	-0.024979	0.033931	0.028686	0.010060	-0.004022	0.006088	0.028611	-0.010864	-0.006476	0.013828	0.004137
-0.001269	0.094467	0.037674	0.140839	0.135509	0.089249	0.095082	0.128970	0.076871	0.123338	0.058639	0.100637	0.048935	0.080548	0.123896	0.036730	1.000000	0.025895	0.079349	0.032996	0.077341	0.087908	0.067049	0.003689	-0.061572	0.027326	0.056160	0.100702	0.129662	0.046508	-0.004401	0.032569	0.112410	0.049615	-0.029898	0.050730	0.157759	0.049190	0.120435	0.000645	0.088218	0.062528	0.031171	0.041304	-0.045167	0.017951	0.033366	0.052548	0.145706	0.110674	0.007078	0.011200	0.036512	0.016178	0.018582	-0.050010	0.083509	0.057067	0.091386	0.070860	0.014679	0.065170	0.007442	0.024595	0.014357	-0.005451	0.017854	-0.013695	-0.044736	0.011404	-0.060429	0.007081	-0.001677	-0.011238	0.029959	-0.023454	0.020083	-0.011497	-0.002819	-0.070979	-0.008103	0.062474	0.012133	0.010175	-0.000080	-0.015227	0.043810	0.042769	-0.006987	-0.021151	0.005015
0.001165	0.165888	0.075939	0.030591	0.112770	0.028919	0.098619	0.101035	0.052206	0.120033	0.134635	0.041060	0.137448	0.040132	0.026297	0.142173	0.025895	1.000000	0.045821	0.142521	0.113147	0.136307	0.214587	0.164952	0.169511	0.078108	0.117223	0.095454	0.126163	0.185572	0.133543	0.086091	0.095018	0.127075	0.131539	0.134845	0.117757	0.115415	0.081760	0.131096	0.123127	0.184740	0.140197	0.176246	0.010110	0.127156	-0.059146	0.072309	-0.003132	0.079309	-0.021314	-0.023357	-0.020594	-0.017670	-0.010085	0.032954	-0.003574	0.051044	0.018964	-0.026125	-0.010326	0.091984	0.049889	0.092150	0.007975	0.002658	-0.052717	-0.005498	0.009611	-0.005802	-0.027894	0.014537	0.012706	0.010910	0.048582	-0.050975	0.007818	-0.010477	0.020134	0.084494	-0.014227	-0.022319	0.016734	-0.008839	0.012274	-0.021542	-0.008959	-0.028473	-0.008679	0.020986	-0.022057
-0.000274	0.081285	0.076731	0.092205	0.092094	0.039231	0.088361	0.083675	0.053186	0.106342	0.021311	0.022101	0.047967	0.053758	0.014891	0.056304	0.079349	0.045821	1.000000	0.050667	0.069210	0.103154	0.060313	0.057805	0.095006	0.068931	0.100113	0.091161	0.107973	0.096572	0.038079	0.074387	0.091421	0.084499	-0.020698	0.076741	0.103732	0.080384	0.081920	0.066518	0.109085	0.105468	0.072474	0.091162	-0.018160	0.053316	-0.003200	0.004763	0.028541	0.042834	0.001419	0.007178	0.021402	-0.042777	0.008061	-0.009497	-0.025673	0.010449	0.027740	0.026342	0.009272	0.063359	-0.027061	0.002412	-0.009464	-0.006648	-0.002918	-0.032943	-0.035913	0.026967	-0.058986	0.013566	-0.027346	-0.014655	0.011846	-0.027946	0.025043	0.014974	0.020443	-0.047133	0.012562	0.021033	-0.006866	-0.013976	0.003218	-0.002808	0.003695	-0.001750	-0.003643	-0.002971	0.014309
0.002870	0.273363	0.218697	0.050618	0.230373	0.016685	0.130831	0.065652	0.007824	0.159226	0.233304	0.072727	0.064383	0.016780	0.003591	0.220021	0.032996	0.142521	0.050667	1.000000	0.085746	0.113760	0.204678	0.131423	0.230396	0.172500	0.222436	0.148212	0.127654	0.292894	0.173972	0.206276	0.081773	0.246306	0.231253	0.231690	0.149841	0.194528	0.028949	0.250601	0.190652	0.236156	0.260329	0.269852	0.187285	0.221416	0.003615	0.081452	0.006013	0.073552	-0.037027	-0.018321	-0.007650	0.012056	0.023803	0.003853	-0.021448	0.051109	0.014955	-0.041151	-0.062871	0.044185	0.027700	0.102624	0.103777	-0.027008	-0.005952	0.009640	0.018244	0.034865	0.000488	0.045847	0.020615	-0.012982	0.055446	-0.053343	0.037161	-0.026382	0.019854	-0.003664	-0.008808	0.001058	-0.003040	-0.006794	-0.008285	0.002468	0.005510	-0.025049	-0.007583	0.000685	0.013918
-0.003046	0.175184	0.095587	0.047686	0.096685	0.070232	0.136858	0.125622	0.092704	0.171182	0.091770	0.093401	0.101825	0.067375	0.061583	0.141560	0.077341	0.113147	0.069210	0.085746	1.000000	0.187230	0.197952	0.036663	0.047704	0.118895	0.146245	0.197447	0.161248	0.151652	0.040726	0.115548	0.132213	0.143547	0.095637	0.120722	0.158390	0.109449	0.109246	0.116371	0.197387	0.199589	0.177033	0.176139	0.047691	0.131687	-0.013226	0.012967	0.048251	0.043535	-0.016957	0.033790	0.034963	-0.017948	-0.008526	-0.004752	-0.000413	0.033365	0.043457	0.009940	-0.009771	0.048357	-0.025727	0.041477	-0.029364	0.024132	0.006801	-0.023338	-0.053924	-0.001175	-0.084918	0.000772	-0.000501	-0.030158	0.013636	-0.005899	0.009140	-0.014517	0.018690	-0.047706	-0.045188	0.041443	-0.007191	0.016862	-0.009874	-0.043053	0.011388	-0.028407	-0.022082	-0.004789	-0.004696
0.001053	0.211559	0.124442	0.099298	0.137839	0.115742	0.201644	0.195835	0.136862	0.245514	0.113159	0.091813	0.136924	0.126826	0.121642	0.175573	0.087908	0.136307	0.103154	0.113760	0.187230	1.000000	0.145926	0.081526	0.076997	0.132105	0.233236	0.189769	0.240307	0.157454	0.095818	0.120406	0.201646	0.165815	0.057478	0.154778	0.260099	0.163586	0.106941	0.177555	0.239014	0.224009	0.103052	0.226205	-0.047807	0.143447	-0.012476	0.039568	0.055814	0.038498	-0.004403	0.033338	0.005695	0.034029	0.012015	-0.004610	0.019269	0.002681	0.060071	0.008503	-0.007075	0.119558	-0.073045	0.050622	-0.034267	-0.013309	-0.011214	-0.050369	-0.104472	-0.005282	-0.082020	-0.000995	0.003371	-0.017226	0.013477	-0.038620	0.019318	-0.000902	0.013246	-0.056318	-0.037498	0.043236	-0.013191	0.005331	0.006593	-0.007390	0.007828	-0.010055	-0.014430	-0.004277	0.006664
-0.000374	0.208721	0.101014	0.046845	0.123640	0.061213	0.130643	0.096908	0.032694	0.148492	0.113412	0.051614	0.083305	0.050896	0.021738	0.218970	0.067049	0.214587	0.060313	0.204678	0.197952	0.145926	1.000000	0.052477	0.111121	0.102777	0.117895	0.161833	0.191525	0.178291	0.133458	0.138982	0.110813	0.178570	0.129605	0.139783	0.136758	0.115320	0.094892	0.159041	0.161048	0.223901	0.147451	0.230065	0.072411	0.187709	0.022230	0.025341	0.025222	0.048462	-0.019062	-0.027524	0.001357	-0.018551	0.024427	0.007914	-0.016074	0.012108	0.029652	-0.004541	0.011371	0.050937	-0.013479	0.026263	0.006307	-0.014278	-0.023216	-0.013366	-0.023372	0.036905	-0.011197	-0.011731	-0.008993	-0.016016	-0.026846	0.003871	-0.010522	-0.059804	0.003987	0.052908	-0.000957	0.004697	-0.011052	-0.015535	0.013169	-0.033564	0.028890	-0.012721	-0.024683	0.009556	0.013072
0.000352	0.088141	0.065397	0.020957	0.065502	0.023444	0.069967	0.043748	0.010468	0.102822	0.081691	0.008024	0.055889	0.027858	0.000359	0.130043	0.003689	0.164952	0.057805	0.131423	0.036663	0.081526	0.052477	1.000000	0.088817	0.007369	0.060471	0.075577	0.143604	0.110261	0.031756	0.080444	0.057483	0.096730	0.044753	0.083993	0.033362	0.127463	0.019569	0.064833	0.076908	0.145182	0.089690	0.155108	0.038747	0.107104	-0.024129	0.010342	-0.034844	0.016786	-0.020571	-0.023617	-0.010084	-0.004789	-0.029045	0.020783	-0.026213	0.032820	0.029325	0.011609	0.003043	0.036266	0.008183	0.012877	0.008721	-0.040026	-0.015999	-0.017508	-0.003351	0.001535	-0.027962	-0.017021	0.003839	0.009873	0.000754	-0.007367	0.014163	-0.033039	-0.031671	0.005674	-0.026717	-0.020243	0.000932	0.001453	0.003937	-0.025483	-0.004230	-0.019832	-0.032051	0.002222	-0.032901
-0.002402	0.221792	0.140871	0.003176	0.134265	-0.040002	0.084670	-0.012733	-0.059888	0.084454	0.255287	-0.030890	0.060872	-0.001397	-0.032541	0.246361	-0.061572	0.169511	0.095006	0.230396	0.047704	0.076997	0.111121	0.088817	1.000000	0.125701	0.177675	0.069718	0.083960	0.287714	0.224015	0.132572	0.005574	0.199943	0.261515	0.129924	0.130472	0.218178	0.012449	0.284311	0.129428	0.252688	0.216607	0.234261	0.164376	0.248940	-0.015074	0.048863	0.012774	0.045932	-0.039752	-0.024309	-0.001416	-0.021465	-0.005495	0.039641	-0.037546	0.029603	0.016763	-0.064840	-0.036067	0.034495	0.012952	0.065418	0.005477	0.001790	-0.018794	-0.009045	0.064280	0.004916	0.011287	0.060956	0.039792	0.004736	0.056008	-0.054404	0.034922	0.002530	0.013035	0.053567	-0.019207	-0.006269	-0.001037	-0.003263	0.003809	0.007879	0.019294	0.005602	0.007852	0.009205	0.002141
-0.001267	0.157025	0.131572	0.031292	0.097833	0.022885	0.129285	0.072058	0.043768	0.144694	0.108674	0.044493	0.056579	0.054796	0.016465	0.158477	0.027326	0.078108	0.068931	0.172500	0.118895	0.132105	0.102777	0.007369	0.125701	1.000000	0.104533	0.156633	0.204664	0.166492	0.017368	0.137401	0.085929	0.143582	0.065035	0.149817	0.123890	0.151021	0.060520	0.132715	0.143698	0.222258	0.162586	0.167575	0.033033	0.139768	-0.011752	0.025587	0.028829	0.003700	-0.023581	-0.006597	0.001593	-0.005682	-0.008720	-0.012980	-0.008234	0.006728	0.023603	-0.021198	-0.013401	0.032716	-0.016811	0.018354	-0.005277	-0.014826	-0.040895	-0.015285	-0.050186	0.006563	-0.018255	0.014964	-0.009635	-0.024906	0.003667	-0.033187	0.011719	-0.011943	-0.015048	0.018617	-0.043708	0.012095	-0.000062	-0.001925	-0.014978	-0.021852	-0.021060	-0.018776	-0.009598	-0.002833	0.005999
0.001446	0.240118	0.157631	0.066331	0.142478	0.058049	0.170088	0.108468	0.045527	0.195917	0.170919	0.057328	0.129133	0.066978	0.049036	0.227609	0.056160	0.117223	0.100113	0.222436	0.146245	0.233236	0.117895	0.060471	0.177675	0.104533	1.000000	0.135803	0.191669	0.218751	0.153750	0.208684	0.151812	0.208345	0.132199	0.175473	0.137293	0.247056	0.093233	0.280920	0.267671	0.278920	0.229844	0.243458	0.073205	0.234988	0.011868	0.040685	0.051014	0.049214	-0.025617	0.024036	0.033068	-0.004126	0.010198	-0.000631	-0.013368	0.027960	0.040727	-0.011693	-0.017649	0.075097	-0.029303	0.101532	0.005880	-0.004322	-0.017021	-0.054725	-0.033016	0.038340	-0.002947	0.029150	0.011380	-0.024353	0.069266	-0.054965	0.033320	0.008687	0.028900	-0.046321	-0.010664	0.013951	0.021546	0.004887	0.013789	-0.011535	0.019267	-0.010164	0.014676	0.003125	0.009278
-0.001138	0.199208	0.106745	0.093782	0.138122	0.085339	0.174299	0.148639	0.116221	0.204057	0.093457	0.099929	0.109487	0.079498	0.064293	0.203613	0.100702	0.095454	0.091161	0.148212	0.197447	0.189769	0.161833	0.075577	0.069718	0.156633	0.135803	1.000000	0.239214	0.167402	0.064842	0.116081	0.155777	0.171933	0.071180	0.177049	0.202864	0.117285	0.120416	0.176086	0.184934	0.234194	0.159631	0.190617	0.072490	0.188274	-0.002783	0.021260	0.053718	0.031889	-0.009573	0.058338	0.018601	-0.001000	0.001271	-0.015729	-0.005118	0.015921	0.046707	0.013681	-0.026062	0.066787	-0.041419	0.075662	-0.012568	-0.019254	0.000241	-0.040841	-0.066319	0.021700	-0.059316	-0.010692	0.024091	-0.022392	0.009885	-0.023802	0.035518	-0.011870	0.040798	-0.091183	-0.025968	0.031406	0.004875	-0.008969	0.002997	-0.033905	0.012507	-0.002757	-0.003361	-0.012452	0.033986
-0.001125	0.211245	0.114788	0.110871	0.159433	0.089463	0.180503	0.184513	0.099717	0.211121	0.124070	0.081053	0.104098	0.082605	0.090312	0.173939	0.129662	0.126163	0.107973	0.127654	0.161248	0.240307	0.191525	0.143604	0.083960	0.204664	0.191669	0.239214	1.000000	0.192242	0.043911	0.126041	0.173463	0.238863	0.112002	0.157868	0.199638	0.142739	0.152492	0.123042	0.223878	0.250592	0.196912	0.185062	0.040447	0.081747	-0.026357	0.011251	0.054867	0.041911	-0.019425	0.016692	0.024311	-0.002732	-0.002231	-0.022271	-0.020825	0.013889	0.049230	0.004751	-0.007733	0.093685	-0.050236	0.053702	-0.038521	-0.012008	-0.013432	-0.035560	-0.094375	0.010426	-0.085300	-0.022691	0.018296	-0.039865	0.018497	-0.052501	0.013916	-0.013012	0.005523	-0.059959	-0.046382	0.001169	-0.013794	-0.006130	0.002235	-0.037678	0.006912	0.004845	-0.018204	0.001952	-0.000990
-0.001066	0.213497	0.238623	0.089015	0.209204	0.027996	0.186739	0.164356	0.038678	0.186491	0.243329	0.059482	0.107878	0.038930	0.026095	0.225090	0.046508	0.185572	0.096572	0.292894	0.151652	0.157454	0.178291	0.110261	0.287714	0.166492	0.218751	0.167402	0.192242	1.000000	0.117227	0.183957	0.082242	0.242768	0.203374	0.230004	0.202445	0.226065	0.128732	0.298509	0.243649	0.324076	0.227870	0.315516	0.100804	0.195060	-0.001489	0.073796	0.055922	0.062869	-0.006877	-0.008137	0.014227	-0.001824	-0.031764	0.032933	-0.013521	0.068031	0.035937	-0.047634	-0.003606	0.084230	0.052660	0.084888	0.043564	0.000785	0.000433	-0.011462	0.002960	0.063688	-0.021621	0.039501	0.015588	-0.012660	0.070305	-0.041450	0.045984	-0.007824	0.041322	0.037786	-0.032447	0.023822	0.012375	-0.009146	0.049357	0.004309	0.025480	-0.016201	-0.004268	0.019296	0.000824
-0.001241	0.183540	0.108295	0.030282	0.067692	0.009585	0.052111	0.011181	0.002581	0.098690	0.117229	-0.012429	0.063390	-0.013649	-0.020312	0.175998	-0.004401	0.133543	0.038079	0.173972	0.040726	0.095818	0.133458	0.031756	0.224015	0.017368	0.153750	0.064842	0.043911	0.117227	1.000000	0.031071	-0.004682	0.083101	0.127699	0.066872	0.122633	0.143952	0.069618	0.211380	0.152977	0.176482	0.122528	0.205110	0.087372	0.127315	-0.005091	0.040644	0.026917	0.023894	-0.022445	0.007437	-0.000455	-0.016291	-0.007505	0.017124	-0.015235	0.009950	-0.001676	-0.021303	-0.011234	0.030459	0.016030	0.120275	0.010483	-0.012852	-0.004288	0.007517	0.022427	-0.003748	0.010134	0.042727	0.005271	-0.000895	0.018607	-0.056015	0.007209	0.000715	-0.013008	0.037432	-0.002871	-0.015431	0.003490	-0.014275	0.015107	-0.002092	0.002353	-0.013527	0.017331	0.003314	0.005828
-0.001544	0.211028	0.103083	0.045025	0.187632	0.028148	0.228074	0.042950	0.033240	0.165062	0.141434	0.034625	0.088625	0.042099	0.015700	0.215438	0.032569	0.086091	0.074387	0.206276	0.115548	0.120406	0.138982	0.080444	0.132572	0.137401	0.208684	0.116081	0.126041	0.183957	0.031071	1.000000	0.085198	0.143716	0.117050	0.131751	0.096787	0.198074	0.073130	0.217947	0.186047	0.242920	0.171650	0.271012	0.104423	0.117264	0.019469	0.055743	0.029786	0.075099	-0.013035	-0.005224	0.006306	-0.010582	0.018513	0.026876	-0.017608	0.045624	0.041869	0.013268	-0.011562	0.060184	-0.011672	0.070836	0.044731	0.002421	0.001309	0.013188	-0.014832	0.032068	-0.007290	0.011910	0.025217	0.010618	0.021484	-0.029966	0.047917	0.023551	0.039759	-0.004367	0.017971	0.012546	0.007223	-0.001481	0.028656	0.008544	0.010298	0.000462	-0.017223	0.005612	-0.003524
0.000056	0.163867	0.094977	0.097623	0.110129	0.120574	0.215221	0.172992	0.102579	0.161679	0.057908	0.112618	0.113840	0.115798	0.100680	0.141878	0.112410	0.095018	0.091421	0.081773	0.132213	0.201646	0.110813	0.057483	0.005574	0.085929	0.151812	0.155777	0.173463	0.082242	-0.004682	0.085198	1.000000	0.103304	0.031276	0.130984	0.169655	0.146256	0.126469	0.073147	0.235679	0.167879	0.118125	0.160530	-0.048303	0.078932	-0.024039	0.019272	0.047580	0.029336	-0.005067	0.018272	0.019624	-0.008136	0.027154	0.003036	-0.006754	0.006502	0.060201	0.051967	0.005256	0.087531	-0.087064	0.023492	-0.046040	-0.014604	-0.006155	-0.072364	-0.108795	-0.003062	-0.070834	-0.004346	-0.016697	-0.025974	-0.003510	-0.042810	-0.001948	0.007090	0.018928	-0.079564	-0.027020	0.030355	-0.001143	-0.009876	-0.015012	-0.028846	-0.006270	-0.006995	-0.031263	0.003360	0.001731
0.000685	0.270134	0.118496	0.045394	0.246778	0.056059	0.160161	0.137836	0.045976	0.238472	0.176353	0.055684	0.086230	0.054926	0.028846	0.269507	0.049615	0.127075	0.084499	0.246306	0.143547	0.165815	0.178570	0.096730	0.199943	0.143582	0.208345	0.171933	0.238863	0.242768	0.083101	0.143716	0.103304	1.000000	0.131404	0.173723	0.169778	0.239194	0.100314	0.273377	0.264645	0.280034	0.200650	0.253065	0.097926	0.213324	0.024825	0.064463	0.042713	0.064517	-0.030958	-0.017257	0.019968	-0.010656	0.005013	0.010906	-0.024937	0.012101	0.047256	-0.021682	-0.033170	0.048176	-0.038400	0.076072	0.004843	-0.014376	-0.008482	-0.025867	-0.025188	0.018711	-0.044295	-0.000090	0.029897	0.026782	0.042300	-0.035612	0.027774	-0.009702	0.019646	-0.039886	-0.033483	0.004822	0.019300	0.014248	0.022996	-0.032755	0.020912	-0.005246	-0.021342	0.038469	0.007936
-0.001145	0.196107	0.123321	0.007610	0.088207	-0.019816	0.061796	0.009536	-0.008161	0.094321	0.247590	0.003729	0.070473	-0.029950	-0.039917	0.234475	-0.029898	0.131539	-0.020698	0.231253	0.095637	0.057478	0.129605	0.044753	0.261515	0.065035	0.132199	0.071180	0.112002	0.203374	0.127699	0.117050	0.031276	0.131404	1.000000	0.107388	0.059102	0.187498	-0.025698	0.282383	0.140400	0.244125	0.152829	0.211209	0.149160	0.133431	0.008707	0.058318	0.016479	0.034933	-0.024316	-0.021839	0.012254	-0.012939	-0.008988	-0.010372	-0.027343	0.034169	0.005376	-0.051610	-0.098913	0.029887	0.094064	0.060547	0.019070	0.001379	-0.012369	0.075667	0.046038	-0.011554	0.042924	0.103203	0.010553	0.000263	0.065398	-0.005740	0.011708	-0.022749	0.012442	0.101977	-0.015830	-0.019923	0.020434	0.006028	0.017282	-0.002071	0.007848	-0.020736	0.014383	0.033101	0.004730
-0.001796	0.216302	0.221629	0.066966	0.134549	0.045349	0.144044	0.118749	0.057371	0.149947	0.118805	0.072955	0.091736	0.061660	0.028986	0.174214	0.050730	0.134845	0.076741	0.231690	0.120722	0.154778	0.139783	0.083993	0.129924	0.149817	0.175473	0.177049	0.157868	0.230004	0.066872	0.131751	0.130984	0.173723	0.107388	1.000000	0.148023	0.206759	0.073481	0.219195	0.147185	0.207523	0.171170	0.193732	0.025006	0.160486	-0.019521	0.033974	0.046219	0.029783	-0.010529	0.001379	0.013907	-0.021380	-0.004247	0.001694	-0.019201	0.022146	0.017385	-0.020730	-0.016717	0.068234	-0.012214	0.057789	0.015122	-0.025238	-0.014410	-0.050068	-0.030135	0.031936	-0.029001	0.013990	-0.001495	-0.023429	-0.021216	-0.041863	0.026326	-0.019327	-0.006905	-0.000702	0.033297	0.004453	0.020954	-0.008724	0.014088	-0.011627	-0.004208	-0.007307	-0.009704	-0.009542	0.009281
-0.003224	0.242814	0.132047	0.131173	0.143678	0.151806	0.198349	0.217184	0.127010	0.208699	0.174633	0.133619	0.156151	0.109005	0.132721	0.141733	0.157759	0.117757	0.103732	0.149841	0.158390	0.260099	0.136758	0.033362	0.130472	0.123890	0.137293	0.202864	0.199638	0.202445	0.122633	0.096787	0.169655	0.169778	0.059102	0.148023	1.000000	0.086533	0.159956	0.114224	0.217206	0.208173	0.131119	0.188932	-0.028557	0.097156	0.004515	0.047587	0.096606	0.059493	-0.006092	0.017875	0.023099	0.020496	-0.004854	-0.017589	0.036694	0.013534	0.081463	0.039004	-0.001756	0.146105	-0.052915	0.055447	-0.008989	0.007882	0.012462	-0.056815	-0.088577	0.005370	-0.100851	0.009725	0.007483	-0.046649	0.013144	-0.034446	0.010248	0.005514	0.012201	-0.049507	-0.070056	0.035366	-0.009862	-0.010505	-0.014792	0.012546	0.009465	0.015510	-0.012170	-0.007407	0.003636
-0.002065	0.205525	0.158919	0.068985	0.151013	0.065078	0.184787	0.098386	0.024344	0.209703	0.239502	0.030482	0.131962	0.054489	0.003808	0.161977	0.049190	0.115415	0.080384	0.194528	0.109449	0.163586	0.115320	0.127463	0.218178	0.151021	0.247056	0.117285	0.142739	0.226065	0.143952	0.198074	0.146256	0.239194	0.187498	0.206759	0.086533	1.000000	0.018086	0.228840	0.190466	0.268712	0.161227	0.279177	0.091062	0.211442	-0.003212	0.049489	0.054772	0.073991	-0.014236	0.008593	0.019094	-0.014901	0.010702	-0.007060	-0.015736	0.018742	0.039129	-0.031540	-0.013542	0.072633	0.006866	0.066879	0.004175	-0.016582	-0.002511	-0.009781	0.020959	0.024977	-0.016274	0.035830	-0.000675	-0.006725	0.043831	-0.061820	0.035927	0.004030	0.013926	-0.031718	0.000566	0.017965	0.007751	0.008996	0.027533	-0.017149	-0.015916	-0.000864	-0.004895	0.012454	0.005937
-0.000699	0.169760	0.054796	0.094555	0.168120	0.085439	0.125179	0.156095	0.113211	0.155915	0.052987	0.075944	0.066827	0.084975	0.088776	0.084015	0.120435	0.081760	0.081920	0.028949	0.109246	0.106941	0.094892	0.019569	0.012449	0.060520	0.093233	0.120416	0.152492	0.128732	0.069618	0.073130	0.126469	0.100314	-0.025698	0.073481	0.159956	0.018086	1.000000	0.021191	0.162185	0.128918	0.095658	0.102540	-0.069493	0.031556	-0.003287	-0.014680	0.038531	0.048276	0.050887	0.039699	0.013489	-0.002111	-0.010689	-0.008323	0.015737	0.032986	0.027890	0.053009	0.033707	0.098534	-0.058696	0.054245	-0.026299	0.002174	0.015897	-0.081639	-0.067142	0.016730	-0.050749	-0.011317	0.008968	0.001380	0.016917	-0.039271	0.012130	0.002651	0.019370	-0.050479	-0.021180	0.014077	0.019106	-0.024293	0.011315	0.006681	0.014288	0.016190	0.002267	-0.002651	-0.019652
-0.002228	0.274187	0.221526	0.100449	0.198244	-0.000948	0.168158	0.089532	0.048458	0.146416	0.250045	0.077554	0.156071	-0.002721	-0.039808	0.254236	0.000645	0.131096	0.066518	0.250601	0.116371	0.177555	0.159041	0.064833	0.284311	0.132715	0.280920	0.176086	0.123042	0.298509	0.211380	0.217947	0.073147	0.273377	0.282383	0.219195	0.114224	0.228840	0.021191	1.000000	0.198239	0.310345	0.207699	0.257354	0.165741	0.273485	0.008019	0.088107	0.036724	0.040799	-0.035286	-0.002919	0.010801	-0.001659	-0.005608	0.039985	-0.020391	0.045386	0.039462	-0.044176	-0.044676	0.057943	0.029330	0.116900	0.043149	-0.010978	0.007856	0.020401	0.016805	0.022541	0.008886	0.048656	0.027453	-0.007092	0.062139	-0.040825	0.017721	-0.006774	0.038271	0.030398	-0.026414	-0.003478	0.021931	-0.010012	0.012810	-0.002875	0.024428	-0.000241	-0.003298	0.019681	0.001925
-0.003638	0.251792	0.144211	0.093204	0.199847	0.100818	0.211459	0.188840	0.104033	0.273162	0.166673	0.091399	0.144703	0.064177	0.097224	0.208321	0.088218	0.123127	0.109085	0.190652	0.197387	0.239014	0.161048	0.076908	0.129428	0.143698	0.267671	0.184934	0.223878	0.243649	0.152977	0.186047	0.235679	0.264645	0.140400	0.147185	0.217206	0.190466	0.162185	0.198239	1.000000	0.263596	0.245494	0.259871	0.015273	0.160450	0.011462	0.059531	0.066641	0.068366	0.003080	0.008318	0.016615	-0.018619	-0.002427	-0.014363	-0.008142	0.022804	0.064890	0.002709	-0.027184	0.103442	-0.051246	0.067823	-0.015173	0.003166	0.002095	-0.033605	-0.088981	0.003915	-0.060213	0.016403	-0.003410	-0.024065	0.025968	-0.047342	0.003499	0.020516	0.025038	-0.062922	-0.043985	0.030887	0.015965	-0.006196	-0.015208	-0.020534	-0.002405	-0.012454	-0.032579	0.003953	0.010852
0.003386	0.337451	0.177736	0.100922	0.201813	0.059496	0.278496	0.149455	0.081045	0.292242	0.204939	0.077424	0.120157	0.078486	0.018864	0.271426	0.062528	0.184740	0.105468	0.236156	0.199589	0.224009	0.223901	0.145182	0.252688	0.222258	0.278920	0.234194	0.250592	0.324076	0.176482	0.242920	0.167879	0.280034	0.244125	0.207523	0.208173	0.268712	0.128918	0.310345	0.263596	1.000000	0.280385	0.293805	0.150771	0.244728	0.013407	0.056316	0.049557	0.055546	-0.004320	0.016620	0.016031	-0.014983	-0.002878	0.008275	-0.024969	0.032388	0.049200	-0.013543	-0.032886	0.091488	-0.029168	0.098358	-0.009725	-0.013771	0.002634	-0.025655	-0.035027	0.010388	-0.037725	0.030287	0.006290	-0.001205	0.042631	-0.080798	0.031514	-0.011629	0.031075	-0.026572	-0.037738	0.012088	0.005533	0.001446	0.003860	-0.003440	0.016588	0.006473	0.003962	0.010427	-0.004168
-0.002047	0.241347	0.136039	0.040935	0.157657	0.022728	0.164361	0.078099	0.044010	0.173561	0.154809	0.044120	0.084180	0.060977	0.002276	0.241569	0.031171	0.140197	0.072474	0.260329	0.177033	0.103052	0.147451	0.089690	0.216607	0.162586	0.229844	0.159631	0.196912	0.227870	0.122528	0.171650	0.118125	0.200650	0.152829	0.171170	0.131119	0.161227	0.095658	0.207699	0.245494	0.280385	1.000000	0.262114	0.046918	0.198191	-0.002788	0.030314	0.025401	0.063712	-0.013012	-0.022692	0.022121	-0.034233	-0.007314	0.016802	-0.009575	0.036379	0.011263	-0.016325	-0.034525	0.043172	-0.008133	0.092771	0.015080	-0.000978	0.001540	-0.041004	-0.022692	-0.005523	-0.005659	0.041075	0.017324	-0.003074	0.023651	-0.060632	0.029282	-0.026130	0.008006	-0.014730	-0.018130	0.014503	0.002905	0.000282	-0.008336	0.009143	0.017536	0.021017	-0.031770	-0.017631	0.003946
0.000588	0.325597	0.150156	0.075790	0.194064	0.069121	0.250423	0.111720	0.035544	0.281626	0.203164	0.048669	0.107879	0.041663	0.027461	0.267546	0.041304	0.176246	0.091162	0.269852	0.176139	0.226205	0.230065	0.155108	0.234261	0.167575	0.243458	0.190617	0.185062	0.315516	0.205110	0.271012	0.160530	0.253065	0.211209	0.193732	0.188932	0.279177	0.102540	0.257354	0.259871	0.293805	0.262114	1.000000	0.132226	0.199680	0.004958	0.071627	0.032166	0.081548	-0.007752	-0.009833	0.010319	0.009478	0.012658	0.006081	-0.019578	0.017800	0.028737	-0.028690	-0.027286	0.062570	-0.032275	0.088909	0.008057	-0.004529	-0.006459	-0.026918	-0.008778	0.035365	-0.019268	0.049487	0.018835	0.003956	0.041564	-0.064410	0.054929	-0.001598	0.040601	-0.015159	-0.030687	0.013574	0.012122	-0.006840	0.029523	-0.009070	0.013189	-0.020989	-0.017458	0.019895	-0.007053
-0.002489	0.096733	0.043386	-0.019649	0.018496	-0.045072	0.002386	-0.073340	-0.090646	-0.003645	0.077943	-0.014649	-0.025529	-0.059150	-0.080480	0.133576	-0.045167	0.010110	-0.018160	0.187285	0.047691	-0.047807	0.072411	0.038747	0.164376	0.033033	0.073205	0.072490	0.040447	0.100804	0.087372	0.104423	-0.048303	0.097926	0.149160	0.025006	-0.028557	0.091062	-0.069493	0.165741	0.015273	0.150771	0.046918	0.132226	1.000000	0.151534	0.005198	0.051343	-0.028694	-0.001532	-0.044548	-0.031383	0.000661	-0.001808	0.005619	-0.010182	-0.027484	-0.012458	-0.004559	-0.024144	-0.036345	-0.032223	0.047389	0.037810	0.060045	-0.021453	-0.015835	0.059402	0.086311	0.009725	0.070907	0.018429	0.022785	0.025630	0.037318	-0.008707	0.006130	-0.020514	0.021641	0.026894	-0.001930	-0.024146	0.015257	0.009870	-0.005134	-0.010550	0.017462	-0.005165	0.002154	0.016011	0.003121
0.002497	0.198199	0.104864	0.035242	0.153262	0.006563	0.113792	0.060124	0.014579	0.112188	0.151725	0.025238	0.083222	0.034229	-0.012184	0.209863	0.017951	0.127156	0.053316	0.221416	0.131687	0.143447	0.187709	0.107104	0.248940	0.139768	0.234988	0.188274	0.081747	0.195060	0.127315	0.117264	0.078932	0.213324	0.133431	0.160486	0.097156	0.211442	0.031556	0.273485	0.160450	0.244728	0.198191	0.199680	0.151534	1.000000	0.041748	0.051620	-0.001110	0.036522	-0.040384	-0.003668	0.007679	0.000737	0.008508	-0.004221	-0.006241	0.000785	0.016050	-0.018163	-0.043016	0.041625	0.006688	0.099821	0.038532	-0.036442	-0.014778	-0.018718	0.006668	0.021372	-0.006522	0.024925	0.012972	0.003465	0.033787	-0.059918	0.031583	-0.022543	0.018507	-0.018308	-0.013358	0.017542	0.006949	0.008810	-0.034127	-0.013530	-0.007638	-0.006331	-0.011455	0.016099	0.012533
-0.000839	-0.019874	-0.011755	-0.001475	-0.024316	-0.010049	-0.006013	0.006611	0.008537	-0.005800	-0.041081	-0.000700	0.004938	0.019927	0.009988	0.013167	0.033366	-0.059146	-0.003200	0.003615	-0.013226	-0.012476	0.022230	-0.024129	-0.015074	-0.011752	0.011868	-0.002783	-0.026357	-0.001489	-0.005091	0.019469	-0.024039	0.024825	0.008707	-0.019521	0.004515	-0.003212	-0.003287	0.008019	0.011462	0.013407	-0.002788	0.004958	0.005198	0.041748	1.000000	0.025954	-0.005378	-0.018605	0.017731	-0.069956	0.042920	0.011214	-0.047683	-0.000439	0.012739	0.014858	0.049829	0.014763	0.088802	-0.001150	0.002921	0.003483	0.115119	-0.001150	0.073198	0.057538	0.038230	0.129905	0.034730	0.008246	-0.012448	-0.006972	-0.034748	0.073561	0.071288	-0.004556	0.060192	0.057984	-0.026587	0.064542	0.047084	0.055519	0.112348	0.011898	0.133883	-0.005748	0.099141	0.064404	0.073618
