1.000000	-0.000474	0.000316	-0.001987	-0.000097	-0.000885	-0.000805	0.000636	-0.000908	0.000081	0.000008	0.000812	-0.001183	-0.001621	-0.001783	-0.000228	-0.000644	0.000683	0.000137	0.000089	0.000225	0.000958	-0.000205	0.001092	-0.000354	-0.000849	-0.000783	0.000595	-0.000026	0.000150	-0.000700	-0.000272	-0.000373	-0.001432	0.000770	0.000655	0.000272	-0.000174	-0.000576	-0.000134	0.000112	-0.000092	0.000397	0.000010	-0.001383	-0.000154	0.000345	0.001091	0.000756	-0.000125	0.001314	-0.000194	0.000228	0.000667	0.001576	-0.000480	0.001048	-0.000980	0.001486	0.000263	-0.000480	-0.001212	0.001531	0.000441	-0.000976	0.000668	0.001346	0.000470	0.000388	0.002054	0.001028	0.000391	0.002119	0.000920	0.000062	0.001382	0.000946	0.001362	0.000584	0.000409	-0.000513	0.002040	0.001202	-0.000763	0.000354	-0.000577	0.001468	-0.000686	0.000613	0.000605	0.000218
-0.000474	1.000000	0.739186	0.281682	0.713830	0.297750	0.771048	0.515072	0.221537	0.798562	0.705653	0.221268	0.530689	0.110488	0.002140	0.784082	0.172555	0.633605	0.718119	0.716676	0.765396	0.799786	0.749175	0.591649	0.552426	0.706008	0.773301	0.790947	0.799185	0.795084	0.604005	0.687932	0.740514	0.745618	0.511022	0.751298	0.575843	0.780701	0.581331	0.731794	0.782596	0.803293	0.638033	0.794190	0.023360	0.484561	0.015922	0.399180	0.158883	0.377658	-0.246580	0.267502	0.049305	-0.182329	0.182076	0.158095	-0.191368	0.154679	0.170323	-0.207957	-0.053860	0.256993	-0.129399	0.501438	0.030143	0.105173	0.245728	-0.123672	-0.279896	0.148070	-0.098905	0.216701	0.336415	0.147299	0.392403	-0.349717	0.292087	0.240232	0.387292	-0.163854	-0.152522	0.004229	-0.026147	0.017057	0.089801	0.160882	0.124239	0.221745	0.063925	-0.211821	0.032084
0.000316	0.739186	1.000000	0.399677	0.708484	0.388380	0.724790	0.557447	0.319102	0.752634	0.629555	0.303587	0.584408	0.215348	0.105340	0.674030	0.265239	0.551575	0.670622	0.606135	0.676246	0.730252	0.636994	0.500815	0.423941	0.609819	0.665928	0.720751	0.703529	0.710988	0.468424	0.580787	0.715666	0.643169	0.381735	0.703438	0.609289	0.683667	0.600290	0.618524	0.679470	0.691184	0.520644	0.673967	-0.073276	0.363398	0.042565	0.405335	0.229415	0.360546	-0.222378	0.276062	0.035544	-0.182386	0.193409	0.155487	-0.125532	0.250301	0.287076	-0.128520	0.017821	0.307956	-0.134883	0.410996	0.044992	0.109257	0.232157	-0.140752	-0.311619	0.171808	-0.116895	0.204349	0.331342	0.144072	0.359125	-0.315849	0.283303	0.282092	0.406755	-0.180459	-0.096918	0.050551	0.024744	-0.060642	0.146871	0.179492	0.143951	0.231960	0.102035	-0.187365	0.083083
-0.001987	0.281682	0.399677	1.000000	0.489397	0.637331	0.404675	0.638267	0.627831	0.361129	0.105668	0.627132	0.601650	0.640188	0.584772	0.133716	0.675744	0.139050	0.356153	-0.035681	0.213528	0.362021	0.159754	0.125479	-0.229109	0.155534	0.116905	0.318520	0.237276	0.137102	-0.124633	-0.018549	0.471532	0.052401	-0.250684	0.203217	0.628187	0.141286	0.579888	-0.001791	0.135310	0.126722	-0.081753	0.077373	-0.522415	-0.238948	-0.101460	0.200804	0.468678	0.215190	0.103239	0.331426	0.150022	0.065074	0.182686	-0.143227	0.273005	0.389319	0.576222	0.397001	0.118767	0.588606	-0.408063	-0.151259	-0.184054	0.103902	0.138422	-0.415309	-0.538531	-0.078129	-0.404678	-0.163769	0.074762	-0.016690	0.071622	-0.315282	-0.079150	0.333354	0.151307	-0.459431	-0.164994	0.259930	0.080514	-0.047945	-0.027594	0.025380	-0.042998	0.127782	-0.064457	-0.308161	0.040338
-0.000097	0.713830	0.708484	0.489397	1.000000	0.485425	0.729625	0.642393	0.429720	0.736596	0.555745	0.435396	0.650841	0.348871	0.249688	0.621553	0.416805	0.492404	0.667044	0.499695	0.634114	0.729349	0.583726	0.449354	0.296211	0.545935	0.596679	0.699365	0.667749	0.631620	0.362790	0.500090	0.739842	0.563438	0.246490	0.621626	0.697066	0.624902	0.681362	0.519317	0.613185	0.625188	0.416396	0.595297	-0.197236	0.240059	-0.006228	0.414899	0.320205	0.421303	-0.100053	0.373184	0.128638	-0.068087	0.249732	0.083368	0.004267	0.301264	0.377315	0.017675	0.052610	0.439357	-0.249630	0.303724	-0.017835	0.146302	0.271504	-0.251101	-0.426827	0.101411	-0.227404	0.114626	0.313357	0.128570	0.353549	-0.390356	0.205614	0.346160	0.391512	-0.305364	-0.130644	0.156233	0.056729	0.001257	0.084571	0.162228	0.111122	0.255108	0.048518	-0.278548	0.067664
-0.000885	0.297750	0.388380	0.637331	0.485425	1.000000	0.414456	0.668451	0.672359	0.383372	0.096829	0.681208	0.587244	0.636041	0.635915	0.133849	0.665510	0.150296	0.366898	-0.044956	0.217851	0.379297	0.178687	0.160373	-0.245711	0.187957	0.108278	0.338539	0.252784	0.133359	-0.132926	-0.031836	0.491070	0.041949	-0.255027	0.215600	0.668075	0.140091	0.623410	-0.021877	0.139798	0.130330	-0.095111	0.078114	-0.554264	-0.262755	-0.165962	0.116836	0.426171	0.197651	0.117881	0.315891	0.130309	0.074000	0.142007	-0.215752	0.267327	0.300234	0.520378	0.381223	0.048662	0.577186	-0.482179	-0.192042	-0.274152	0.064573	0.102576	-0.491312	-0.600633	-0.140568	-0.479672	-0.238138	0.015783	-0.083559	0.013488	-0.369291	-0.150376	0.272012	0.091388	-0.530696	-0.230573	0.223519	0.006454	-0.003003	-0.128352	-0.043373	-0.129005	0.059462	-0.151700	-0.356324	-0.036806
-0.000805	0.771048	0.724790	0.404675	0.729625	0.414456	1.000000	0.600428	0.357178	0.774487	0.623175	0.349015	0.602516	0.244598	0.151306	0.695446	0.300666	0.566228	0.684341	0.590532	0.704679	0.763047	0.656484	0.513834	0.391563	0.629876	0.680641	0.751242	0.732846	0.704789	0.465624	0.583001	0.762369	0.645390	0.360638	0.685244	0.666739	0.689817	0.647697	0.616022	0.693432	0.713438	0.508408	0.688728	-0.115982	0.338223	-0.009086	0.377343	0.238388	0.374612	-0.179211	0.309072	0.082796	-0.136127	0.204235	0.105958	-0.097762	0.216690	0.271966	-0.091102	-0.007810	0.351084	-0.220765	0.384258	-0.025873	0.111184	0.243146	-0.212812	-0.378468	0.116091	-0.180219	0.140580	0.310650	0.117546	0.354250	-0.377860	0.239347	0.286448	0.383890	-0.259854	-0.157859	0.066121	-0.002592	-0.008293	0.078200	0.140810	0.096586	0.222623	0.040464	-0.255067	0.049623
0.000636	0.515072	0.557447	0.638267	0.642393	0.668451	0.600428	1.000000	0.645487	0.574934	0.311155	0.638665	0.672978	0.560245	0.514234	0.340690	0.598327	0.338135	0.546916	0.176738	0.429019	0.585780	0.379748	0.321645	-0.048068	0.372904	0.340215	0.542617	0.460993	0.366401	0.064730	0.184154	0.673469	0.262378	-0.062215	0.422933	0.763925	0.353146	0.727918	0.214301	0.361364	0.361896	0.110301	0.309043	-0.470648	-0.082233	-0.150236	0.203084	0.389572	0.257982	-0.013177	0.328604	0.105225	-0.019390	0.152757	-0.142258	0.132338	0.275134	0.466536	0.213837	0.001970	0.543845	-0.459352	-0.005695	-0.239285	0.055827	0.135910	-0.466225	-0.597643	-0.080553	-0.440039	-0.145470	0.105764	-0.050366	0.110953	-0.421742	-0.033455	0.293558	0.188848	-0.509325	-0.254680	0.154796	-0.020175	-0.014334	-0.090922	-0.003699	-0.083284	0.098310	-0.125862	-0.364087	-0.026536
-0.000908	0.221537	0.319102	0.627831	0.429720	0.672359	0.357178	0.645487	1.000000	0.312198	0.031122	0.678809	0.555366	0.647000	0.649796	0.046320	0.664762	0.102500	0.311081	-0.123041	0.153750	0.316494	0.111277	0.112855	-0.318137	0.117675	0.035250	0.276341	0.175858	0.058897	-0.202726	-0.105275	0.440673	-0.035719	-0.319731	0.152582	0.638268	0.060205	0.595106	-0.093662	0.063782	0.051268	-0.174730	-0.006575	-0.596136	-0.331730	-0.205310	0.049652	0.419654	0.146278	0.144155	0.284953	0.125313	0.100260	0.107856	-0.261537	0.292185	0.282309	0.508010	0.416124	0.026282	0.564734	-0.505458	-0.266111	-0.321657	0.030094	0.058193	-0.526929	-0.621873	-0.191267	-0.517955	-0.307489	-0.042472	-0.133552	-0.057310	-0.371364	-0.213058	0.248376	0.026613	-0.561550	-0.250182	0.206297	-0.018635	-0.004036	-0.176258	-0.087870	-0.182376	0.018211	-0.202202	-0.367104	-0.063381
0.000081	0.798562	0.752634	0.361129	0.736596	0.383372	0.774487	0.574934	0.312198	1.000000	0.655035	0.300790	0.585931	0.198450	0.090899	0.736022	0.256556	0.588054	0.705513	0.651201	0.734052	0.787316	0.693949	0.538946	0.457950	0.662973	0.725760	0.773429	0.767996	0.749292	0.521888	0.629702	0.763485	0.688173	0.420388	0.719329	0.637854	0.735317	0.632883	0.667900	0.728375	0.750815	0.570992	0.735592	-0.063252	0.397737	0.017378	0.402697	0.212060	0.384553	-0.209365	0.305452	0.071438	-0.159317	0.206951	0.132399	-0.135268	0.197734	0.243071	-0.139664	-0.015069	0.315119	-0.179292	0.439675	0.003530	0.120409	0.252345	-0.174974	-0.344114	0.141849	-0.140733	0.192862	0.339814	0.141639	0.385303	-0.363058	0.273364	0.283045	0.406451	-0.217212	-0.139692	0.047412	0.005387	-0.003698	0.100559	0.160656	0.126394	0.239968	0.070061	-0.235123	0.063234
0.000008	0.705653	0.629555	0.105668	0.555745	0.096829	0.623175	0.311155	0.031122	0.655035	1.000000	0.017087	0.389037	-0.067999	-0.172250	0.719572	-0.010748	0.623774	0.586029	0.741240	0.671615	0.650251	0.674367	0.531401	0.646963	0.628661	0.722093	0.659709	0.687944	0.752528	0.644148	0.694584	0.570175	0.720987	0.621171	0.675708	0.370521	0.722443	0.379251	0.743627	0.716076	0.741894	0.660893	0.750543	0.208089	0.570649	0.047999	0.384894	0.003860	0.309097	-0.323242	0.134827	-0.048091	-0.257139	0.125656	0.234148	-0.291617	0.101080	0.013220	-0.339646	-0.064652	0.093104	0.063630	0.575500	0.147590	0.071126	0.175617	0.053688	-0.082142	0.208354	0.080550	0.320096	0.331525	0.173024	0.370707	-0.213979	0.365374	0.152516	0.372030	0.037176	-0.054081	-0.090234	-0.035081	-0.042018	0.166131	0.184346	0.173473	0.190794	0.126976	-0.071471	0.064770
0.000812	0.221268	0.303587	0.627132	0.435396	0.681208	0.349015	0.638665	0.678809	0.300790	0.017087	1.000000	0.547205	0.653174	0.623096	0.060650	0.658282	0.081419	0.293351	-0.119997	0.154446	0.296117	0.106282	0.090450	-0.308676	0.106635	0.035000	0.266217	0.169620	0.050832	-0.194570	-0.101538	0.419837	-0.031619	-0.318708	0.132112	0.617607	0.058887	0.572726	-0.089888	0.064594	0.052234	-0.166693	-0.001243	-0.572642	-0.317580	-0.171599	0.094920	0.448828	0.193393	0.180200	0.318186	0.165823	0.141323	0.144479	-0.232421	0.314114	0.317333	0.536534	0.434772	0.062663	0.580675	-0.486460	-0.252041	-0.280751	0.067443	0.110511	-0.500689	-0.592803	-0.165218	-0.491585	-0.275939	-0.016639	-0.087672	-0.016531	-0.364394	-0.196932	0.279672	0.056547	-0.541417	-0.218884	0.255285	0.029299	0.017814	-0.159898	-0.053722	-0.141977	0.055631	-0.164139	-0.362913	-0.048671
-0.001183	0.530689	0.584408	0.601650	0.650841	0.587244	0.602516	0.672978	0.555366	0.585931	0.389037	0.547205	1.000000	0.505988	0.444021	0.402354	0.552321	0.384516	0.536288	0.244037	0.448671	0.576560	0.408974	0.310927	0.038070	0.388272	0.382889	0.544454	0.478861	0.417924	0.133278	0.252361	0.648456	0.325237	0.013761	0.441068	0.702210	0.404872	0.667169	0.282506	0.396718	0.399095	0.177371	0.355810	-0.371122	0.008218	-0.057589	0.318041	0.381733	0.316375	-0.047701	0.344292	0.103388	-0.051016	0.207945	-0.002231	0.109514	0.356293	0.487834	0.172796	0.088190	0.518873	-0.340952	0.088301	-0.092583	0.114394	0.192954	-0.334737	-0.490137	0.034913	-0.312241	-0.007224	0.199677	0.056897	0.215324	-0.338572	0.082484	0.344777	0.285753	-0.372508	-0.150422	0.180352	0.069635	-0.059138	0.051111	0.101499	0.036786	0.186248	-0.003017	-0.281711	0.066798
-0.001621	0.110488	0.215348	0.640188	0.348871	0.636041	0.244598	0.560245	0.647000	0.198450	-0.067999	0.653174	0.505988	1.000000	0.680200	-0.026418	0.680863	-0.005323	0.211662	-0.207313	0.054124	0.200788	0.005180	0.013072	-0.376191	0.016276	-0.062919	0.164929	0.072883	-0.047163	-0.268274	-0.184134	0.329639	-0.123836	-0.388219	0.035963	0.544475	-0.021325	0.486324	-0.187780	-0.032053	-0.048180	-0.238983	-0.102409	-0.575750	-0.365907	-0.126743	0.080720	0.479809	0.150430	0.210619	0.306604	0.174134	0.148782	0.162016	-0.202167	0.377050	0.371229	0.584046	0.526989	0.139464	0.581434	-0.443323	-0.301295	-0.240213	0.083894	0.106757	-0.451801	-0.542980	-0.132557	-0.445633	-0.255280	-0.021133	-0.067630	-0.027442	-0.284116	-0.186453	0.293524	0.042279	-0.490801	-0.161446	0.301716	0.078985	-0.017088	-0.096749	-0.029202	-0.105484	0.074522	-0.110876	-0.313017	0.002393
-0.001783	0.002140	0.105340	0.584772	0.249688	0.635915	0.151306	0.514234	0.649796	0.090899	-0.172250	0.623096	0.444021	0.680200	1.000000	-0.147022	0.665441	-0.087063	0.130103	-0.318016	-0.049080	0.100050	-0.090024	-0.052687	-0.469419	-0.074722	-0.170168	0.066277	-0.029754	-0.159116	-0.369826	-0.292496	0.240778	-0.232980	-0.476214	-0.064804	0.480070	-0.145259	0.436782	-0.300318	-0.139139	-0.160643	-0.338855	-0.212772	-0.624106	-0.463496	-0.191098	-0.023498	0.422987	0.085415	0.259589	0.250802	0.158571	0.188506	0.098870	-0.282325	0.412384	0.287460	0.540699	0.549071	0.094374	0.544663	-0.482614	-0.399773	-0.306863	0.042554	0.035459	-0.495442	-0.559006	-0.223403	-0.495602	-0.344282	-0.110255	-0.142138	-0.127987	-0.286871	-0.268618	0.227531	-0.059571	-0.530007	-0.197649	0.277489	0.042617	-0.003762	-0.175491	-0.100112	-0.185102	-0.000387	-0.183551	-0.324469	-0.052515
-0.000228	0.784082	0.674030	0.133716	0.621553	0.133849	0.695446	0.340690	0.046320	0.736022	0.719572	0.060650	0.402354	-0.026418	-0.147022	1.000000	0.023936	0.621131	0.642442	0.792933	0.763520	0.721294	0.743956	0.576342	0.675148	0.699156	0.799022	0.738132	0.776760	0.807707	0.697194	0.767106	0.643142	0.793358	0.633612	0.726033	0.411105	0.809771	0.433650	0.805084	0.789897	0.825881	0.735967	0.829966	0.213748	0.629255	0.113035	0.458455	0.102995	0.409513	-0.241332	0.253054	0.075440	-0.163364	0.217135	0.292353	-0.222277	0.136177	0.086963	-0.284003	-0.012357	0.144239	0.027280	0.611374	0.161090	0.154076	0.293932	0.031362	-0.121342	0.240880	0.065719	0.355324	0.408691	0.240385	0.485411	-0.277920	0.391162	0.231103	0.446691	-0.004435	-0.036972	0.016385	0.028865	0.035606	0.184868	0.233535	0.232554	0.287740	0.161849	-0.132601	0.090562
-0.000644	0.172555	0.265239	0.675744	0.416805	0.665510	0.300666	0.598327	0.664762	0.256556	-0.010748	0.658282	0.552321	0.680863	0.665441	0.023936	1.000000	0.032283	0.262652	-0.157215	0.108907	0.260111	0.049226	0.048203	-0.337000	0.061470	-0.005927	0.221432	0.130048	0.012225	-0.230293	-0.133993	0.383248	-0.070680	-0.350612	0.088639	0.587863	0.036538	0.530242	-0.127676	0.022145	0.009829	-0.192897	-0.045599	-0.565802	-0.330807	-0.132141	0.145924	0.501974	0.237724	0.217339	0.370094	0.222919	0.178171	0.208489	-0.179163	0.387880	0.392527	0.608445	0.486629	0.152204	0.607137	-0.407376	-0.258825	-0.208578	0.132513	0.147797	-0.440079	-0.548984	-0.114081	-0.443200	-0.222984	0.022184	-0.020885	0.036241	-0.328385	-0.154543	0.337376	0.086885	-0.492949	-0.143772	0.331117	0.109980	0.013001	-0.074923	0.008514	-0.070272	0.128637	-0.080006	-0.328748	0.025830
0.000683	0.633605	0.551575	0.139050	0.492404	0.150296	0.566228	0.338135	0.102500	0.588054	0.623774	0.081419	0.384516	-0.005323	-0.087063	0.621131	0.032283	1.000000	0.552587	0.609369	0.595828	0.583167	0.656698	0.578378	0.527144	0.593527	0.626783	0.595300	0.617485	0.647591	0.547624	0.573197	0.536258	0.606163	0.510350	0.634734	0.383915	0.613546	0.399135	0.622177	0.605498	0.642342	0.539945	0.639111	0.109330	0.457705	-0.056077	0.247802	-0.024340	0.198279	-0.341719	0.043000	-0.124562	-0.296647	0.004232	0.104283	-0.301623	0.040273	-0.000525	-0.298897	-0.140313	0.099886	-0.026623	0.449022	0.021797	-0.015632	0.045546	-0.040177	-0.133319	0.101011	-0.019133	0.152289	0.180758	0.054212	0.228171	-0.209490	0.221183	0.065548	0.205031	-0.012473	-0.132909	-0.170056	-0.129675	-0.040483	0.037080	0.044025	0.021225	0.036959	-0.009990	-0.101584	-0.035909
0.000137	0.718119	0.670622	0.356153	0.667044	0.366898	0.684341	0.546916	0.311081	0.705513	0.586029	0.293351	0.536288	0.211662	0.130103	0.642442	0.262652	0.552587	1.000000	0.565042	0.650713	0.703186	0.625062	0.535066	0.395787	0.601356	0.642364	0.709221	0.683448	0.661302	0.444801	0.545206	0.687315	0.604569	0.346186	0.652415	0.588441	0.645271	0.580841	0.580726	0.638151	0.658004	0.493133	0.648393	-0.091083	0.335507	-0.012322	0.326419	0.171068	0.319572	-0.219655	0.224074	0.008423	-0.180817	0.148759	0.081085	-0.135311	0.151455	0.222197	-0.110630	-0.047432	0.296152	-0.196912	0.373816	-0.016149	0.067647	0.179819	-0.177860	-0.336444	0.094060	-0.158050	0.133401	0.256925	0.086293	0.306546	-0.338749	0.222212	0.213195	0.327736	-0.223134	-0.152507	0.003665	-0.032588	-0.036048	0.069753	0.103956	0.066197	0.156894	0.029925	-0.198268	0.025994
0.000089	0.716676	0.606135	-0.035681	0.499695	-0.044956	0.590532	0.176738	-0.123041	0.651201	0.741240	-0.119997	0.244037	-0.207313	-0.318016	0.792933	-0.157215	0.609369	0.565042	1.000000	0.700854	0.629449	0.704298	0.563603	0.784175	0.662889	0.780281	0.652847	0.723645	0.800775	0.766620	0.802942	0.507275	0.809928	0.740328	0.710226	0.240450	0.785208	0.264538	0.836250	0.778986	0.808171	0.782100	0.830424	0.378444	0.727371	0.139800	0.422377	-0.033650	0.338932	-0.309602	0.145119	0.002459	-0.223228	0.162095	0.334813	-0.324879	0.043683	-0.064780	-0.416026	-0.049273	-0.016749	0.165310	0.686289	0.242724	0.116768	0.243843	0.167103	0.033470	0.277687	0.187699	0.426257	0.403048	0.246691	0.464607	-0.181690	0.440075	0.139214	0.415698	0.148159	0.014934	-0.078311	0.008020	0.020285	0.207748	0.240800	0.250449	0.247579	0.194726	-0.027233	0.085098
0.000225	0.765396	0.676246	0.213528	0.634114	0.217851	0.704679	0.429019	0.153750	0.734052	0.671615	0.154446	0.448671	0.054124	-0.049080	0.763520	0.108907	0.595828	0.650713	0.700854	1.000000	0.721164	0.721119	0.544652	0.566584	0.652919	0.740001	0.746169	0.749386	0.754534	0.596983	0.677645	0.667045	0.719511	0.549448	0.699977	0.484438	0.750352	0.495152	0.720806	0.747704	0.772911	0.648922	0.763153	0.107265	0.517144	0.052685	0.402556	0.130874	0.371959	-0.236260	0.251897	0.060617	-0.170372	0.184767	0.195272	-0.190427	0.137316	0.130149	-0.230209	-0.037925	0.192929	-0.065650	0.520758	0.074258	0.125535	0.258444	-0.059225	-0.213556	0.181010	-0.038744	0.259918	0.351515	0.181104	0.409814	-0.318895	0.326355	0.230962	0.400396	-0.098303	-0.093345	0.006602	-0.007006	0.017338	0.120350	0.183329	0.164201	0.239281	0.093509	-0.178807	0.052053
0.000958	0.799786	0.730252	0.362021	0.729349	0.379297	0.763047	0.585780	0.316494	0.787316	0.650251	0.296117	0.576560	0.200788	0.100050	0.721294	0.260111	0.583167	0.703186	0.629449	0.721164	1.000000	0.691856	0.540289	0.452944	0.652361	0.726398	0.771030	0.755132	0.739181	0.512293	0.611648	0.759092	0.679080	0.411015	0.705126	0.627432	0.723019	0.610774	0.655239	0.723074	0.745748	0.556490	0.718528	-0.075414	0.392130	0.002961	0.393407	0.214500	0.379416	-0.195664	0.304077	0.075374	-0.147739	0.199336	0.127322	-0.128257	0.188122	0.240059	-0.125537	-0.027674	0.316077	-0.187500	0.425805	-0.004964	0.111802	0.252753	-0.188295	-0.348585	0.121590	-0.153115	0.174850	0.320420	0.131382	0.369590	-0.373936	0.252415	0.270442	0.386974	-0.235312	-0.150003	0.051211	-0.003107	0.016529	0.080309	0.156096	0.110311	0.230251	0.045286	-0.246396	0.039823
-0.000205	0.749175	0.636994	0.159754	0.583726	0.178687	0.656484	0.379748	0.111277	0.693949	0.674367	0.106282	0.408974	0.005180	-0.090024	0.743956	0.049226	0.656698	0.625062	0.704298	0.721119	0.691856	1.000000	0.574595	0.588027	0.666106	0.722747	0.704266	0.727083	0.740222	0.628688	0.674023	0.629771	0.722315	0.563548	0.702382	0.436404	0.721914	0.452141	0.721562	0.724929	0.750240	0.649489	0.745874	0.132152	0.547432	0.017857	0.326249	0.058575	0.300811	-0.289974	0.157925	-0.017049	-0.225572	0.104194	0.167317	-0.260174	0.072956	0.054297	-0.278632	-0.101403	0.135682	-0.049574	0.503667	0.052550	0.052183	0.175885	-0.031678	-0.161676	0.134370	-0.014945	0.217334	0.274543	0.120824	0.329999	-0.283698	0.279602	0.145913	0.310341	-0.046902	-0.135694	-0.080407	-0.070576	0.007243	0.074823	0.117492	0.096945	0.143833	0.049938	-0.148701	0.007574
0.001092	0.591649	0.500815	0.125479	0.449354	0.160373	0.513834	0.321645	0.112855	0.538946	0.531401	0.090450	0.310927	0.013072	-0.052687	0.576342	0.048203	0.578378	0.535066	0.563603	0.544652	0.540289	0.574595	1.000000	0.463306	0.541179	0.554546	0.562638	0.590484	0.575699	0.479835	0.520977	0.501751	0.551628	0.456893	0.585656	0.355791	0.581727	0.359402	0.551876	0.551832	0.589378	0.491687	0.585751	0.097434	0.419736	-0.077093	0.189401	0.015012	0.181932	-0.261457	0.059166	-0.078479	-0.215634	0.003935	0.061207	-0.233994	0.009934	0.008427	-0.228762	-0.171127	0.107364	-0.065619	0.365857	-0.027822	-0.036022	0.053897	-0.079164	-0.152405	0.036320	-0.071083	0.087663	0.105708	0.021360	0.169123	-0.239593	0.136740	0.019024	0.136521	-0.080333	-0.180026	-0.120269	-0.140264	0.008118	-0.037427	-0.003515	-0.024467	0.012623	-0.055860	-0.140842	-0.092173
-0.000354	0.552426	0.423941	-0.229109	0.296211	-0.245711	0.391563	-0.048068	-0.318137	0.457950	0.646963	-0.308676	0.038070	-0.376191	-0.469419	0.675148	-0.337000	0.527144	0.395787	0.784175	0.566584	0.452944	0.588027	0.463306	1.000000	0.545033	0.670669	0.477599	0.563978	0.684929	0.765081	0.740320	0.301518	0.724486	0.786051	0.561761	0.017900	0.667934	0.053398	0.770110	0.662255	0.688689	0.779853	0.729732	0.563826	0.782863	0.185859	0.363388	-0.150246	0.270804	-0.311820	0.054385	-0.019497	-0.213801	0.117700	0.392616	-0.370029	-0.043717	-0.212684	-0.487130	-0.057919	-0.179127	0.319097	0.707895	0.310520	0.105468	0.206790	0.321653	0.233588	0.299836	0.342926	0.480792	0.372574	0.267827	0.440257	-0.068696	0.452975	0.049407	0.357629	0.317449	0.093225	-0.123551	0.006043	0.040287	0.230023	0.245408	0.286956	0.220322	0.228448	0.074378	0.089215
-0.000849	0.706008	0.609819	0.155534	0.545935	0.187957	0.629876	0.372904	0.117675	0.662973	0.628661	0.106635	0.388272	0.016276	-0.074722	0.699156	0.061470	0.593527	0.601356	0.662889	0.652919	0.652361	0.666106	0.541179	0.545033	1.000000	0.676569	0.668943	0.696320	0.695321	0.566510	0.629028	0.602003	0.671057	0.523931	0.679859	0.425306	0.694735	0.431422	0.665589	0.674646	0.705957	0.597406	0.699107	0.115624	0.510516	-0.008258	0.279580	0.042352	0.261378	-0.287865	0.129170	-0.037761	-0.231229	0.066156	0.139142	-0.257907	0.039836	0.049473	-0.274021	-0.120245	0.132916	-0.071309	0.468350	0.029053	0.021677	0.131029	-0.047898	-0.157645	0.117910	-0.029154	0.200517	0.242809	0.083347	0.282434	-0.268722	0.235858	0.112321	0.277098	-0.052400	-0.141116	-0.087005	-0.084393	-0.006022	0.055245	0.083246	0.065926	0.112949	0.020470	-0.135601	-0.016615
-0.000783	0.773301	0.665928	0.116905	0.596679	0.108278	0.680641	0.340215	0.035250	0.725760	0.722093	0.035000	0.382889	-0.062919	-0.170168	0.799022	-0.005927	0.626783	0.642364	0.780281	0.740001	0.726398	0.722747	0.554546	0.670669	0.676569	1.000000	0.712557	0.749640	0.808640	0.684432	0.758327	0.632123	0.784885	0.635677	0.734304	0.394949	0.788355	0.412009	0.801901	0.779567	0.809450	0.736761	0.814533	0.221027	0.627551	0.100041	0.407750	0.047428	0.347342	-0.293234	0.191487	0.010586	-0.217443	0.167946	0.260743	-0.275920	0.084394	0.038948	-0.326157	-0.047240	0.093219	0.027018	0.617449	0.140300	0.107302	0.244020	0.035716	-0.098060	0.230926	0.076560	0.333911	0.375517	0.199049	0.433112	-0.252359	0.386497	0.184781	0.412740	0.005497	-0.056865	-0.043405	-0.010840	0.001935	0.171157	0.205307	0.200506	0.235409	0.146787	-0.107748	0.072286
0.000595	0.790947	0.720751	0.318520	0.699365	0.338539	0.751242	0.542617	0.276341	0.773429	0.659709	0.266217	0.544454	0.164929	0.066277	0.738132	0.221432	0.595300	0.709221	0.652847	0.746169	0.771030	0.704266	0.562638	0.477599	0.668943	0.712557	1.000000	0.753170	0.742411	0.531851	0.634842	0.737557	0.696268	0.451279	0.703071	0.593867	0.731095	0.595867	0.674789	0.726984	0.748994	0.579821	0.732245	-0.019336	0.431216	-0.001110	0.376357	0.175686	0.353332	-0.229597	0.259850	0.042016	-0.178999	0.169290	0.121390	-0.161118	0.155915	0.201971	-0.169215	-0.047600	0.277416	-0.167239	0.452267	0.002546	0.088180	0.222274	-0.163021	-0.317724	0.130038	-0.132045	0.178745	0.306457	0.121820	0.356833	-0.356732	0.264795	0.237422	0.368130	-0.203939	-0.152407	0.010414	-0.024942	-0.001088	0.073760	0.136376	0.097975	0.205390	0.042545	-0.218977	0.031294
-0.000026	0.799185	0.703529	0.237276	0.667749	0.252784	0.732846	0.460993	0.175858	0.767996	0.687944	0.169620	0.478861	0.072883	-0.029754	0.776760	0.130048	0.617485	0.683448	0.723645	0.749386	0.755132	0.727083	0.590484	0.563978	0.696320	0.749640	0.753170	1.000000	0.775315	0.606672	0.691497	0.702805	0.752221	0.543110	0.719582	0.518445	0.779057	0.529613	0.739650	0.766517	0.789669	0.645502	0.787254	0.069594	0.504174	0.033519	0.403904	0.138301	0.374741	-0.239874	0.259762	0.056306	-0.177658	0.186228	0.191360	-0.195022	0.135503	0.142462	-0.224248	-0.041421	0.211738	-0.089853	0.515551	0.057871	0.115364	0.250115	-0.088883	-0.239652	0.166155	-0.059592	0.249833	0.347494	0.172317	0.404314	-0.333405	0.309662	0.235237	0.389215	-0.125258	-0.113641	0.010637	-0.016288	0.024647	0.098104	0.176220	0.142505	0.233296	0.082832	-0.189532	0.044776
0.000150	0.795084	0.710988	0.137102	0.631620	0.133359	0.704789	0.366401	0.058897	0.749292	0.752528	0.050832	0.417924	-0.047163	-0.159116	0.807707	0.012225	0.647591	0.661302	0.800775	0.754534	0.739181	0.740222	0.575699	0.684929	0.695321	0.808640	0.742411	0.775315	1.000000	0.681836	0.764713	0.646887	0.796465	0.639984	0.749463	0.423954	0.802921	0.446736	0.810138	0.797942	0.822755	0.731810	0.833160	0.194830	0.616702	0.108913	0.429311	0.049618	0.351233	-0.302813	0.201488	0.005457	-0.236635	0.176833	0.271286	-0.280650	0.116476	0.058676	-0.330178	-0.023849	0.110005	0.034635	0.624746	0.163470	0.108838	0.245615	0.039021	-0.119345	0.258269	0.067461	0.357559	0.397298	0.211396	0.443158	-0.234339	0.404718	0.202443	0.444373	0.016666	-0.026063	-0.034551	0.008675	-0.023206	0.206024	0.230004	0.217675	0.244337	0.165854	-0.093244	0.093279
-0.000700	0.604005	0.468424	-0.124633	0.362790	-0.132926	0.465624	0.064730	-0.202726	0.521888	0.644148	-0.194570	0.133278	-0.268274	-0.369826	0.697194	-0.230293	0.547624	0.444801	0.766620	0.596983	0.512293	0.628688	0.479835	0.765081	0.566510	0.684432	0.531851	0.606672	0.681836	1.000000	0.695715	0.377069	0.703102	0.715241	0.579504	0.133422	0.687563	0.175457	0.762084	0.685477	0.709311	0.730448	0.738997	0.440711	0.698139	0.131286	0.348816	-0.093878	0.277952	-0.299890	0.081918	-0.023077	-0.219174	0.104909	0.321525	-0.339052	-0.020990	-0.139573	-0.430719	-0.072168	-0.088870	0.218083	0.652251	0.233521	0.083004	0.202785	0.206734	0.132189	0.241838	0.243498	0.390787	0.331415	0.229632	0.399807	-0.123102	0.385323	0.063375	0.325548	0.216707	0.015019	-0.111176	-0.024049	0.039264	0.171974	0.199662	0.219725	0.191000	0.167716	0.007045	0.058915
-0.000272	0.687932	0.580787	-0.018549	0.500090	-0.031836	0.583001	0.184154	-0.105275	0.629702	0.694584	-0.101538	0.252361	-0.184134	-0.292496	0.767106	-0.133993	0.573197	0.545206	0.802942	0.677645	0.611648	0.674023	0.520977	0.740320	0.629028	0.758327	0.634842	0.691497	0.764713	0.695715	1.000000	0.497316	0.770422	0.688670	0.671514	0.241435	0.758590	0.270070	0.803237	0.743331	0.773924	0.754378	0.795108	0.355366	0.695264	0.163173	0.415388	-0.026866	0.326342	-0.293671	0.150792	0.009787	-0.210222	0.164802	0.339984	-0.307309	0.047750	-0.050189	-0.388438	-0.023290	-0.010557	0.149487	0.671858	0.236315	0.124207	0.250705	0.169600	0.034190	0.292125	0.197492	0.428798	0.404565	0.247154	0.464842	-0.171657	0.443321	0.148903	0.427574	0.144813	0.027242	-0.060820	0.030160	0.000580	0.230958	0.248195	0.268875	0.257349	0.216793	-0.022459	0.115462
-0.000373	0.740514	0.715666	0.471532	0.739842	0.491070	0.762369	0.673469	0.440673	0.763485	0.570175	0.419837	0.648456	0.329639	0.240778	0.643142	0.383248	0.536258	0.687315	0.507275	0.667045	0.759092	0.629771	0.501751	0.301518	0.602003	0.632123	0.737557	0.702805	0.646887	0.377069	0.497316	1.000000	0.574823	0.272615	0.650609	0.713039	0.646260	0.696310	0.538385	0.637488	0.647633	0.433449	0.618429	-0.211957	0.260384	-0.045227	0.342321	0.265011	0.356152	-0.155178	0.320995	0.083492	-0.126549	0.187795	0.046038	-0.056365	0.224888	0.325456	-0.027777	-0.018520	0.399427	-0.290568	0.305308	-0.083882	0.097477	0.229393	-0.281739	-0.446129	0.064967	-0.256131	0.077874	0.270805	0.078048	0.300070	-0.398980	0.178536	0.295159	0.347323	-0.338514	-0.195595	0.079186	-0.012013	-0.007251	0.024635	0.112410	0.048164	0.195962	-0.002732	-0.290585	0.031082
-0.001432	0.745618	0.643169	0.052401	0.563438	0.041949	0.645390	0.262378	-0.035719	0.688173	0.720987	-0.031619	0.325237	-0.123836	-0.232980	0.793358	-0.070680	0.606163	0.604569	0.809928	0.719511	0.679080	0.722315	0.551628	0.724486	0.671057	0.784885	0.696268	0.752221	0.796465	0.703102	0.770422	0.574823	1.000000	0.670226	0.718676	0.321671	0.789752	0.352673	0.817794	0.782557	0.802762	0.749873	0.820109	0.283225	0.684006	0.138469	0.425883	0.012678	0.344919	-0.294727	0.182836	0.013871	-0.218047	0.177499	0.308615	-0.291668	0.079686	-0.001606	-0.363998	-0.026827	0.044599	0.092427	0.652669	0.197237	0.125269	0.257307	0.105822	-0.038774	0.271685	0.132192	0.391363	0.410542	0.238312	0.463672	-0.215000	0.428225	0.174297	0.437924	0.073957	-0.014138	-0.045831	0.014665	0.005082	0.205790	0.239612	0.244295	0.258692	0.183852	-0.061523	0.099587
0.000770	0.511022	0.381735	-0.250684	0.246490	-0.255027	0.360638	-0.062215	-0.319731	0.420388	0.621171	-0.318708	0.013761	-0.388219	-0.476214	0.633612	-0.350612	0.510350	0.346186	0.740328	0.549448	0.411015	0.563548	0.456893	0.786051	0.523931	0.635677	0.451279	0.543110	0.639984	0.715241	0.688670	0.272615	0.670226	1.000000	0.534551	-0.009315	0.625713	0.028870	0.732070	0.623459	0.651180	0.728541	0.684219	0.554143	0.739593	0.161166	0.277209	-0.200535	0.184817	-0.349027	-0.033032	-0.092811	-0.262398	0.032167	0.343037	-0.411282	-0.096530	-0.260708	-0.514073	-0.110548	-0.214144	0.320050	0.668142	0.284205	0.039109	0.126962	0.336532	0.259649	0.270489	0.351382	0.438045	0.295792	0.196941	0.352063	-0.015329	0.415113	-0.023506	0.281827	0.336702	0.073647	-0.182136	-0.032378	-0.001873	0.206260	0.185299	0.223067	0.135233	0.183295	0.108528	0.061183
0.000655	0.751298	0.703438	0.203217	0.621626	0.215600	0.685244	0.422933	0.152582	0.719329	0.675708	0.132112	0.441068	0.035963	-0.064804	0.726033	0.088639	0.634734	0.652415	0.710226	0.699977	0.705126	0.702382	0.585656	0.561761	0.679859	0.734304	0.703071	0.719582	0.749463	0.579504	0.671514	0.650609	0.718676	0.534551	1.000000	0.469558	0.732876	0.477041	0.715278	0.726594	0.747305	0.620028	0.744608	0.088919	0.508581	0.013347	0.326480	0.068661	0.293805	-0.312022	0.158551	-0.039935	-0.248243	0.108954	0.152541	-0.259234	0.090666	0.082032	-0.279550	-0.086918	0.155619	-0.055183	0.500254	0.056827	0.034919	0.155285	-0.057750	-0.187448	0.156985	-0.031266	0.233364	0.291197	0.118872	0.323548	-0.282019	0.297510	0.152623	0.333898	-0.064574	-0.098860	-0.083126	-0.061567	-0.024461	0.098282	0.118346	0.104807	0.152014	0.056933	-0.134794	0.022491
0.000272	0.575843	0.609289	0.628187	0.697066	0.668075	0.666739	0.763925	0.638268	0.637854	0.370521	0.617607	0.702210	0.544475	0.480070	0.411105	0.587863	0.383915	0.588441	0.240450	0.484438	0.627432	0.436404	0.355791	0.017900	0.425306	0.394949	0.593867	0.518445	0.423954	0.133422	0.241435	0.713039	0.321671	-0.009315	0.469558	1.000000	0.415817	0.752947	0.265490	0.426235	0.419771	0.169225	0.371733	-0.433664	-0.030537	-0.130074	0.250224	0.394797	0.306082	-0.031667	0.354970	0.116299	-0.026982	0.175955	-0.106620	0.117480	0.296510	0.474130	0.193009	0.012350	0.556531	-0.435060	0.049894	-0.207820	0.080484	0.170158	-0.439731	-0.585478	-0.054797	-0.415650	-0.104431	0.150842	-0.007815	0.159168	-0.428478	0.009713	0.322697	0.230133	-0.487294	-0.244193	0.164795	-0.007102	-0.001478	-0.061220	0.034927	-0.052044	0.138504	-0.093830	-0.362405	-0.012421
-0.000174	0.780701	0.683667	0.141286	0.624902	0.140091	0.689817	0.353146	0.060205	0.735317	0.722443	0.058887	0.404872	-0.021325	-0.145259	0.809771	0.036538	0.613546	0.645271	0.785208	0.750352	0.723019	0.721914	0.581727	0.667934	0.694735	0.788355	0.731095	0.779057	0.802921	0.687563	0.758590	0.646260	0.789752	0.625713	0.732876	0.415817	1.000000	0.428282	0.800393	0.787084	0.813029	0.721651	0.819929	0.192737	0.616848	0.102644	0.452913	0.102586	0.405250	-0.242356	0.249239	0.073091	-0.166728	0.212825	0.275975	-0.223204	0.139717	0.091908	-0.279646	-0.022533	0.151877	0.022475	0.602121	0.151170	0.146949	0.290911	0.025765	-0.128598	0.232088	0.058677	0.344487	0.400611	0.234802	0.472945	-0.276801	0.381972	0.227973	0.437672	-0.014597	-0.043217	0.012401	0.026197	0.029779	0.175274	0.224581	0.224461	0.275136	0.156849	-0.131342	0.084096
-0.000576	0.581331	0.600290	0.579888	0.681362	0.623410	0.647697	0.727918	0.595106	0.632883	0.379251	0.572726	0.667169	0.486324	0.436782	0.433650	0.530242	0.399135	0.580841	0.264538	0.495152	0.610774	0.452141	0.359402	0.053398	0.431422	0.412009	0.595867	0.529613	0.446736	0.175457	0.270070	0.696310	0.352673	0.028870	0.477041	0.752947	0.428282	1.000000	0.296831	0.437982	0.439635	0.197851	0.398038	-0.402595	0.004924	-0.117641	0.240824	0.343422	0.277043	-0.057602	0.325608	0.093853	-0.060422	0.163273	-0.097655	0.072185	0.264875	0.418388	0.141611	-0.001038	0.493090	-0.415220	0.080621	-0.194931	0.064099	0.159785	-0.416661	-0.561495	-0.041737	-0.396154	-0.083062	0.146107	-0.015046	0.158103	-0.410498	0.021020	0.298491	0.235261	-0.463128	-0.243992	0.122522	-0.025347	-0.008840	-0.059376	0.033009	-0.051142	0.126099	-0.093262	-0.350254	-0.014873
-0.000134	0.731794	0.618524	-0.001791	0.519317	-0.021877	0.616022	0.214301	-0.093662	0.667900	0.743627	-0.089888	0.282506	-0.187780	-0.300318	0.805084	-0.127676	0.622177	0.580726	0.836250	0.720806	0.655239	0.721562	0.551876	0.770110	0.665589	0.801901	0.674789	0.739650	0.810138	0.762084	0.803237	0.538385	0.817794	0.732070	0.715278	0.265490	0.800393	0.296831	1.000000	0.790805	0.818233	0.785523	0.842919	0.355123	0.717530	0.140554	0.434124	-0.017456	0.348693	-0.311729	0.163458	0.007676	-0.223310	0.177389	0.336274	-0.322886	0.061242	-0.045780	-0.409617	-0.041583	0.005267	0.144105	0.690738	0.222042	0.122195	0.257973	0.148660	0.015754	0.282446	0.180918	0.422919	0.415008	0.252148	0.476516	-0.197575	0.443241	0.157626	0.432485	0.126215	0.009331	-0.067744	0.009017	0.016591	0.217311	0.245447	0.258541	0.258551	0.196205	-0.040301	0.099517
0.000112	0.782596	0.679470	0.135310	0.613185	0.139798	0.693432	0.361364	0.063782	0.728375	0.716076	0.064594	0.396718	-0.032053	-0.139139	0.789897	0.022145	0.605498	0.638151	0.778986	0.747704	0.723074	0.724929	0.551832	0.662255	0.674646	0.779567	0.726984	0.766517	0.797942	0.685477	0.743331	0.637488	0.782557	0.623459	0.726594	0.426235	0.787084	0.437982	0.790805	1.000000	0.805459	0.722427	0.811768	0.181755	0.598321	0.091945	0.423517	0.076147	0.368542	-0.263274	0.225179	0.041391	-0.191557	0.183579	0.257815	-0.243975	0.109791	0.066875	-0.295816	-0.033009	0.126524	0.013771	0.599105	0.139360	0.124885	0.265980	0.016906	-0.136193	0.220112	0.049764	0.335762	0.389086	0.205130	0.444936	-0.270624	0.374839	0.208884	0.419829	-0.015676	-0.057999	-0.015847	0.007580	0.017771	0.161742	0.214431	0.205936	0.253302	0.147353	-0.129761	0.077190
-0.000092	0.803293	0.691184	0.126722	0.625188	0.130330	0.713438	0.361896	0.051268	0.750815	0.741894	0.052234	0.399095	-0.048180	-0.160643	0.825881	0.009829	0.642342	0.658004	0.808171	0.772911	0.745748	0.750240	0.589378	0.688689	0.705957	0.809450	0.748994	0.789669	0.822755	0.709311	0.773924	0.647633	0.802762	0.651180	0.747305	0.419771	0.813029	0.439635	0.818233	0.805459	1.000000	0.741071	0.844841	0.207039	0.625488	0.094033	0.432446	0.070215	0.378963	-0.277779	0.228123	0.037589	-0.197869	0.187801	0.262560	-0.259815	0.105229	0.057749	-0.318725	-0.045280	0.121024	0.017535	0.620753	0.137240	0.126034	0.265004	0.023299	-0.128937	0.226321	0.049597	0.337895	0.390855	0.215183	0.457965	-0.282114	0.380725	0.201638	0.428823	-0.011900	-0.062061	-0.026933	-0.003088	0.021417	0.163887	0.212945	0.208670	0.256072	0.144711	-0.127291	0.072851
0.000397	0.638033	0.520644	-0.081753	0.416396	-0.095111	0.508408	0.110301	-0.174730	0.570992	0.660893	-0.166693	0.177371	-0.238983	-0.338855	0.735967	-0.192897	0.539945	0.493133	0.782100	0.648922	0.556490	0.649489	0.491687	0.779853	0.597406	0.736761	0.579821	0.645502	0.731810	0.730448	0.754378	0.433449	0.749873	0.728541	0.620028	0.169225	0.721651	0.197851	0.785523	0.722427	0.741071	1.000000	0.768701	0.416250	0.719933	0.181680	0.410359	-0.047547	0.329534	-0.276955	0.139602	0.025498	-0.191140	0.168634	0.370336	-0.309865	0.030171	-0.091252	-0.405433	-0.027165	-0.056367	0.210192	0.683329	0.273790	0.138673	0.258870	0.224251	0.103250	0.297033	0.250803	0.449766	0.413709	0.272418	0.475634	-0.142505	0.453652	0.128740	0.409784	0.201850	0.063284	-0.054122	0.038192	0.035684	0.232441	0.256757	0.291841	0.271191	0.228948	0.003453	0.112652
0.000010	0.794190	0.673967	0.077373	0.595297	0.078114	0.688728	0.309043	-0.006575	0.735592	0.750543	-0.001243	0.355810	-0.102409	-0.212772	0.829966	-0.045599	0.639111	0.648393	0.830424	0.763153	0.718528	0.745874	0.585751	0.729732	0.699107	0.814533	0.732245	0.787254	0.833160	0.738997	0.795108	0.618429	0.820109	0.684219	0.744608	0.371733	0.819929	0.398038	0.842919	0.811768	0.844841	0.768701	1.000000	0.258965	0.663918	0.115034	0.434659	0.036738	0.369720	-0.291787	0.206332	0.029821	-0.212574	0.183612	0.289370	-0.284528	0.087084	0.018368	-0.352128	-0.040049	0.077633	0.061603	0.659628	0.176819	0.122408	0.265104	0.067517	-0.080766	0.250690	0.095369	0.374289	0.402857	0.227797	0.473483	-0.252799	0.411095	0.185864	0.431118	0.036842	-0.036610	-0.046398	0.004263	0.021357	0.179354	0.224700	0.228188	0.259164	0.166833	-0.095854	0.081608
-0.001383	0.023360	-0.073276	-0.522415	-0.197236	-0.554264	-0.115982	-0.470648	-0.596136	-0.063252	0.208089	-0.572642	-0.371122	-0.575750	-0.624106	0.213748	-0.565802	0.109330	-0.091083	0.378444	0.107265	-0.075414	0.132152	0.097434	0.563826	0.115624	0.221027	-0.019336	0.069594	0.194830	0.440711	0.355366	-0.211957	0.283225	0.554143	0.088919	-0.433664	0.192737	-0.402595	0.355123	0.181755	0.207039	0.416250	0.258965	1.000000	0.583738	0.272296	0.144103	-0.312462	0.039567	-0.188317	-0.146840	-0.046776	-0.115678	0.013276	0.397101	-0.313318	-0.176993	-0.404735	-0.469006	-0.001067	-0.428473	0.559073	0.493871	0.414879	0.065411	0.089160	0.576532	0.616897	0.308325	0.577992	0.462748	0.224027	0.258690	0.264996	0.237806	0.364265	-0.136189	0.161042	0.599722	0.279310	-0.139177	0.064791	0.036337	0.268318	0.203403	0.307086	0.134197	0.286854	0.302477	0.108919
-0.000154	0.484561	0.363398	-0.238948	0.240059	-0.262755	0.338223	-0.082233	-0.331730	0.397737	0.570649	-0.317580	0.008218	-0.365907	-0.463496	0.629255	-0.330807	0.457705	0.335507	0.727371	0.517144	0.392130	0.547432	0.419736	0.782863	0.510516	0.627551	0.431216	0.504174	0.616702	0.698139	0.695264	0.260384	0.684006	0.739593	0.508581	-0.030537	0.616848	0.004924	0.717530	0.598321	0.625488	0.719933	0.663918	0.583738	1.000000	0.223747	0.364661	-0.135232	0.268477	-0.263342	0.059896	0.015573	-0.169226	0.146475	0.418195	-0.324212	-0.028967	-0.198982	-0.455007	-0.017299	-0.182003	0.349522	0.680388	0.346649	0.135389	0.237034	0.362649	0.276518	0.326830	0.379743	0.503935	0.381224	0.293692	0.453455	-0.035130	0.455949	0.061599	0.364614	0.351781	0.128747	-0.077412	0.044475	0.046480	0.254971	0.272925	0.315800	0.254200	0.264704	0.091897	0.114154
0.000345	0.015922	0.042565	-0.101460	-0.006228	-0.165962	-0.009086	-0.150236	-0.205310	0.017378	0.047999	-0.171599	-0.057589	-0.126743	-0.191098	0.113035	-0.132141	-0.056077	-0.012322	0.139800	0.052685	0.002961	0.017857	-0.077093	0.185859	-0.008258	0.100041	-0.001110	0.033519	0.108913	0.131286	0.163173	-0.045227	0.138469	0.161166	0.013347	-0.130074	0.102644	-0.117641	0.140554	0.091945	0.094033	0.181680	0.115034	0.272296	0.223747	1.000000	0.256776	-0.007795	0.096041	0.030854	0.036120	0.122203	0.040086	0.156778	0.329424	0.018495	0.125353	0.025301	-0.072711	0.313629	-0.099996	0.291189	0.282698	0.434588	0.170489	0.291436	0.389009	0.315313	0.459794	0.389976	0.422402	0.315266	0.279478	0.285291	0.233797	0.365729	0.144189	0.364218	0.374167	0.279357	0.191059	0.324443	-0.050042	0.457978	0.332962	0.462983	0.296269	0.468365	0.268193	0.369257
