1.000000	0.000080	0.000490	0.000311	-0.000175	0.000011	-0.000313	-0.000239	0.000368	0.000067	0.000203	0.000362	-0.000453	-0.000588	0.000154	0.000267	0.000448	-0.000003	-0.000400	-0.000033	-0.000785	-0.000023	-0.000010	-0.000017	-0.000036	-0.000443	-0.000008	-0.001041	-0.000092	0.000113	0.000041	0.000134	0.000225	0.000119	-0.000055	0.000634	0.000144	0.000249	-0.000997	0.000104	0.000221	0.000646	0.000509	-0.000157	0.000545	0.000097	0.000169	0.000177	-0.000789	0.000378	0.000976	0.000073	0.000433	0.000167	-0.000404	0.000271	0.000705	0.000248	0.000591	-0.000144	-0.000358	-0.000001	0.000390	0.000254	0.000638	-0.000140	-0.000510	0.000359	-0.000249	0.000762	-0.000004	-0.000296	-0.000753	-0.000335	-0.000413	0.000439	-0.000359	-0.000890	0.000234	-0.000002	-0.000657	-0.000180	-0.000337	-0.000174	0.000022	-0.000812	-0.000042	0.000734	-0.000279	-0.000781	-0.000898
0.000080	1.000000	0.918894	0.806531	0.932230	0.910183	0.866111	0.935640	0.849195	0.879740	0.575679	0.880795	0.876901	0.837044	0.806896	0.943552	0.739167	0.674432	0.500464	0.795564	0.407768	0.786024	0.793302	0.765657	0.513819	0.795885	0.852678	0.821194	0.616399	0.950829	0.578869	0.479699	0.924825	0.675617	0.718093	0.728746	0.870857	0.935732	0.882945	0.790544	0.530144	0.906502	0.017203	0.878165	-0.607714	-0.135319	-0.464895	0.117886	0.536242	0.220045	0.290803	-0.045336	0.009109	0.175718	-0.234583	-0.417372	0.373487	0.402498	0.617423	0.581589	-0.268760	0.748320	-0.714542	-0.458663	-0.399098	-0.342940	-0.183196	-0.720500	-0.758245	-0.353607	-0.696822	-0.465542	-0.428832	-0.459639	0.048027	-0.583443	-0.426341	-0.254613	-0.304002	-0.552796	-0.526872	0.136066	-0.145366	-0.076360	-0.364384	-0.485138	-0.457992	-0.371357	-0.476457	-0.053816	-0.297037
0.000490	0.918894	1.000000	0.921897	0.955784	0.909286	0.879861	0.902232	0.825208	0.887461	0.627975	0.874287	0.974513	0.895552	0.814339	0.917849	0.829766	0.645363	0.540199	0.813368	0.444522	0.789044	0.762616	0.714145	0.545272	0.763062	0.850828	0.805408	0.636116	0.963683	0.593831	0.528177	0.903060	0.709356	0.723834	0.726504	0.819604	0.913470	0.868638	0.817424	0.565564	0.882558	0.073994	0.865278	-0.556699	-0.069335	-0.313597	0.308690	0.662929	0.338112	0.396452	0.086455	0.112288	0.263307	-0.085053	-0.238486	0.521198	0.597654	0.792365	0.692658	-0.104764	0.830087	-0.604639	-0.365953	-0.220798	-0.201956	-0.032745	-0.614328	-0.687201	-0.195735	-0.578448	-0.309662	-0.279532	-0.314649	0.191718	-0.534755	-0.295452	-0.096575	-0.140833	-0.405061	-0.377714	0.317746	0.035267	-0.009177	-0.177140	-0.342005	-0.289234	-0.208069	-0.314215	-0.093255	-0.142475
0.000311	0.806531	0.921897	1.000000	0.890946	0.854815	0.751962	0.840494	0.799992	0.757609	0.495933	0.853411	0.927087	0.906291	0.821213	0.789492	0.871814	0.511014	0.416052	0.672024	0.320283	0.653210	0.609225	0.560184	0.402707	0.607312	0.707454	0.674624	0.493786	0.855262	0.442837	0.398077	0.780250	0.570242	0.569681	0.574691	0.804051	0.782083	0.790931	0.681598	0.429913	0.740777	-0.019642	0.722593	-0.569153	-0.144370	-0.229248	0.349788	0.689238	0.370571	0.490001	0.145842	0.192413	0.351084	-0.010444	-0.169826	0.622044	0.627619	0.817787	0.758691	0.027834	0.827491	-0.530223	-0.375489	-0.139811	-0.110893	0.042054	-0.540898	-0.628327	-0.135141	-0.522297	-0.265700	-0.227684	-0.231920	0.209869	-0.446547	-0.257148	-0.024204	-0.097047	-0.365978	-0.275437	0.424906	0.165739	0.072010	-0.098486	-0.242284	-0.207130	-0.123950	-0.220706	-0.044694	-0.042716
-0.000175	0.932230	0.955784	0.890946	1.000000	0.926777	0.859215	0.923012	0.859243	0.871374	0.552889	0.911922	0.944473	0.912356	0.847005	0.922951	0.856262	0.575969	0.485804	0.773183	0.399035	0.767169	0.736876	0.700963	0.491110	0.737981	0.823067	0.783458	0.600068	0.925473	0.551981	0.474788	0.900480	0.665946	0.652687	0.679113	0.861190	0.912822	0.868988	0.773408	0.517236	0.867297	0.024814	0.843559	-0.580142	-0.117536	-0.364853	0.299260	0.694326	0.405307	0.464650	0.134155	0.191510	0.352211	-0.064855	-0.283897	0.548311	0.563214	0.771940	0.727009	-0.098234	0.870681	-0.616077	-0.430390	-0.261898	-0.205613	-0.014374	-0.653874	-0.726873	-0.260506	-0.627909	-0.363837	-0.316029	-0.330755	0.219690	-0.583964	-0.368488	-0.119466	-0.193070	-0.490868	-0.414113	0.356321	0.052121	0.076978	-0.258203	-0.369781	-0.310134	-0.219318	-0.345552	-0.143402	-0.184950
0.000011	0.910183	0.909286	0.854815	0.926777	1.000000	0.785137	0.916624	0.875304	0.792940	0.458742	0.914923	0.888923	0.898932	0.866799	0.857616	0.841654	0.552342	0.390939	0.688902	0.299635	0.681242	0.669787	0.638594	0.391077	0.669067	0.745286	0.717290	0.500873	0.882548	0.455284	0.365754	0.840046	0.565713	0.585905	0.603778	0.894961	0.846366	0.851856	0.689176	0.414765	0.799166	-0.077268	0.769577	-0.642090	-0.217120	-0.395323	0.183518	0.620561	0.302085	0.431087	0.037681	0.123406	0.310566	-0.151110	-0.353101	0.513022	0.471558	0.692545	0.705023	-0.134224	0.815478	-0.656614	-0.494378	-0.329565	-0.254813	-0.097127	-0.672222	-0.727857	-0.305501	-0.667744	-0.440641	-0.387162	-0.387948	0.096127	-0.520824	-0.408650	-0.185065	-0.269651	-0.545142	-0.437412	0.282076	-0.001107	0.032113	-0.302264	-0.396820	-0.385096	-0.287627	-0.394247	-0.035208	-0.203018
-0.000313	0.866111	0.879861	0.751962	0.859215	0.785137	1.000000	0.776234	0.631401	0.962234	0.810473	0.698368	0.864914	0.696417	0.595804	0.953356	0.617243	0.732314	0.720997	0.946145	0.665100	0.920089	0.895640	0.852413	0.781963	0.900819	0.959194	0.897589	0.846217	0.918623	0.822565	0.762601	0.934000	0.897006	0.865999	0.872787	0.605528	0.958753	0.808382	0.942684	0.786487	0.961633	0.327657	0.960668	-0.386704	0.177248	-0.346923	0.363362	0.597287	0.384523	0.264920	0.125310	0.087404	0.173143	-0.056235	-0.212056	0.364070	0.560163	0.694253	0.512156	-0.205714	0.722140	-0.556912	-0.227885	-0.215888	-0.227845	-0.021020	-0.605676	-0.660433	-0.202038	-0.523551	-0.229126	-0.224453	-0.296856	0.303519	-0.633569	-0.265053	-0.099546	-0.092768	-0.333038	-0.427037	0.231235	-0.055793	-0.030634	-0.215871	-0.377024	-0.259436	-0.202049	-0.333311	-0.270037	-0.238386
-0.000239	0.935640	0.902232	0.840494	0.923012	0.916624	0.776234	1.000000	0.887629	0.791303	0.445632	0.920094	0.872530	0.889485	0.870196	0.864279	0.807732	0.567459	0.372264	0.684919	0.278054	0.676175	0.672238	0.644498	0.375486	0.674591	0.748276	0.718623	0.485261	0.891659	0.441734	0.344455	0.852008	0.552353	0.590675	0.601732	0.913037	0.852846	0.864896	0.683330	0.395489	0.806477	-0.102525	0.773312	-0.653123	-0.243976	-0.416903	0.121011	0.565008	0.240627	0.378493	-0.013093	0.071373	0.259694	-0.194809	-0.388915	0.455476	0.416885	0.641066	0.653127	-0.170110	0.778517	-0.678180	-0.505438	-0.362288	-0.284872	-0.141834	-0.679961	-0.727003	-0.328925	-0.680733	-0.469115	-0.415621	-0.416553	0.038280	-0.509480	-0.420919	-0.217273	-0.298165	-0.564602	-0.460596	0.216832	-0.052389	-0.009728	-0.325157	-0.424339	-0.420920	-0.323625	-0.422622	-0.006514	-0.226197
0.000368	0.849195	0.825208	0.799992	0.859243	0.875304	0.631401	0.887629	1.000000	0.644351	0.262461	0.916326	0.800298	0.892726	0.899068	0.736893	0.844857	0.432152	0.213319	0.518086	0.113783	0.516731	0.515812	0.494241	0.186905	0.510902	0.586910	0.576134	0.307955	0.784879	0.257314	0.158896	0.723407	0.370129	0.417017	0.436135	0.939661	0.720124	0.786992	0.519408	0.218726	0.660951	-0.252316	0.622527	-0.706686	-0.378280	-0.390799	0.059611	0.550092	0.212686	0.444994	-0.028946	0.109997	0.325626	-0.196580	-0.401942	0.509043	0.360081	0.604158	0.707706	-0.110054	0.761662	-0.653906	-0.573448	-0.367488	-0.258881	-0.140003	-0.649473	-0.695900	-0.334032	-0.680694	-0.508580	-0.436981	-0.406785	-0.028913	-0.422845	-0.444322	-0.223528	-0.339143	-0.598013	-0.417175	0.251689	0.000122	0.042337	-0.324738	-0.385049	-0.423945	-0.318137	-0.400874	0.081487	-0.181867
0.000067	0.879740	0.887461	0.757609	0.871374	0.792940	0.962234	0.791303	0.644351	1.000000	0.816504	0.707937	0.872428	0.703745	0.603643	0.967179	0.620564	0.729506	0.727685	0.958054	0.671390	0.930409	0.903329	0.857253	0.787174	0.907827	0.972914	0.906852	0.854359	0.929030	0.828415	0.771059	0.947551	0.908373	0.869145	0.878375	0.617712	0.971575	0.819090	0.955771	0.790904	0.976151	0.331530	0.975789	-0.392969	0.176934	-0.357472	0.366211	0.603185	0.389875	0.262886	0.131064	0.090127	0.170778	-0.054310	-0.218138	0.362185	0.567582	0.699723	0.514330	-0.210054	0.728649	-0.567058	-0.236056	-0.220872	-0.228410	-0.019690	-0.617905	-0.677923	-0.209727	-0.536675	-0.235128	-0.229590	-0.302749	0.310654	-0.646868	-0.272347	-0.098327	-0.094483	-0.347416	-0.433828	0.231065	-0.059099	-0.031348	-0.223418	-0.383951	-0.262779	-0.203245	-0.340214	-0.275320	-0.243104
0.000203	0.575679	0.627975	0.495933	0.552889	0.458742	0.810473	0.445632	0.262461	0.816504	1.000000	0.332438	0.625600	0.350162	0.220328	0.730506	0.275984	0.758063	0.844909	0.903322	0.832300	0.850193	0.843779	0.797927	0.945349	0.848005	0.857172	0.794712	0.907864	0.700081	0.928589	0.921130	0.727909	0.930741	0.916364	0.878347	0.218925	0.750313	0.551156	0.911524	0.911540	0.808877	0.642447	0.841824	-0.074920	0.518794	-0.219894	0.405230	0.405638	0.290668	0.015040	0.113465	-0.038521	-0.051596	-0.003997	-0.014859	0.137266	0.533876	0.540667	0.220312	-0.250749	0.446820	-0.339021	0.083561	-0.058159	-0.171662	0.008222	-0.397406	-0.436673	-0.047894	-0.250219	0.030716	-0.030980	-0.154365	0.346270	-0.562155	-0.052469	-0.020616	0.082563	-0.026337	-0.305969	0.095129	-0.116497	-0.160823	-0.053796	-0.268529	-0.093828	-0.097577	-0.201209	-0.347976	-0.206152
0.000362	0.880795	0.874287	0.853411	0.911922	0.914923	0.698368	0.920094	0.916326	0.707937	0.332438	1.000000	0.855028	0.931249	0.912677	0.796516	0.888641	0.472756	0.282645	0.585285	0.191673	0.581492	0.577694	0.554532	0.263053	0.575717	0.650296	0.631797	0.386592	0.828210	0.334676	0.238898	0.776498	0.445553	0.474370	0.499163	0.942762	0.780149	0.825110	0.586519	0.296000	0.719782	-0.178666	0.683909	-0.678581	-0.309076	-0.394513	0.143070	0.629805	0.298643	0.501846	0.037092	0.159669	0.381251	-0.149249	-0.371878	0.550164	0.432620	0.675260	0.750254	-0.097300	0.829654	-0.649397	-0.548000	-0.338295	-0.244356	-0.092808	-0.663220	-0.718471	-0.326680	-0.678386	-0.476572	-0.408559	-0.387367	0.060538	-0.486477	-0.440340	-0.196527	-0.305639	-0.582649	-0.422832	0.316561	0.033686	0.083461	-0.320494	-0.386871	-0.394024	-0.291326	-0.394641	0.004652	-0.189920
-0.000453	0.876901	0.974513	0.927087	0.944473	0.888923	0.864914	0.872530	0.800298	0.872428	0.625600	0.855028	1.000000	0.889681	0.795550	0.894352	0.837548	0.616626	0.538281	0.800809	0.445914	0.776048	0.739387	0.690434	0.545108	0.737990	0.832166	0.783915	0.632060	0.932984	0.589017	0.531527	0.880738	0.705844	0.700677	0.705024	0.785187	0.890506	0.843280	0.805590	0.564624	0.857606	0.089281	0.843022	-0.524779	-0.047855	-0.284110	0.366630	0.695795	0.394409	0.429177	0.142462	0.163023	0.300811	-0.028084	-0.183994	0.554881	0.633988	0.821810	0.709951	-0.055842	0.842388	-0.557540	-0.338866	-0.172855	-0.159347	0.020281	-0.579717	-0.658561	-0.163850	-0.541349	-0.265916	-0.236200	-0.266494	0.250365	-0.525625	-0.268508	-0.052359	-0.100624	-0.369099	-0.338805	0.372789	0.091217	0.030450	-0.142718	-0.298790	-0.236052	-0.156971	-0.269464	-0.122509	-0.111870
-0.000588	0.837044	0.895552	0.906291	0.912356	0.898932	0.696417	0.889485	0.892726	0.703745	0.350162	0.931249	0.889681	1.000000	0.914679	0.775544	0.925721	0.441295	0.301426	0.584303	0.203146	0.583713	0.553405	0.519879	0.270633	0.549984	0.640777	0.618740	0.389751	0.822659	0.332893	0.258793	0.756911	0.456098	0.463948	0.489368	0.907364	0.760270	0.802915	0.589457	0.308379	0.700237	-0.151119	0.669155	-0.648063	-0.275891	-0.309064	0.244785	0.688079	0.365255	0.551219	0.114778	0.226451	0.424723	-0.060354	-0.271518	0.643986	0.536487	0.755115	0.811016	0.003205	0.858462	-0.584219	-0.492088	-0.240454	-0.160016	-0.004619	-0.601810	-0.679304	-0.234843	-0.609898	-0.386893	-0.323361	-0.298394	0.139906	-0.458958	-0.362008	-0.103433	-0.211924	-0.500012	-0.339012	0.415547	0.140160	0.127333	-0.216637	-0.301449	-0.293948	-0.195482	-0.296973	-0.017245	-0.098957
0.000154	0.806896	0.814339	0.821213	0.847005	0.866799	0.595804	0.870196	0.899068	0.603643	0.220328	0.912677	0.795550	0.914679	1.000000	0.697215	0.882551	0.381001	0.181915	0.473226	0.078103	0.478410	0.464683	0.441275	0.141841	0.460509	0.541183	0.533987	0.267199	0.753634	0.210925	0.121964	0.680676	0.328614	0.362915	0.387582	0.931285	0.678874	0.761670	0.476653	0.181607	0.614839	-0.273149	0.576810	-0.711204	-0.393891	-0.347180	0.104497	0.591055	0.253829	0.519966	0.018796	0.164748	0.396177	-0.145989	-0.360896	0.583233	0.397527	0.637093	0.755334	-0.037992	0.788223	-0.621415	-0.568149	-0.316637	-0.210563	-0.092676	-0.619505	-0.678360	-0.298890	-0.653836	-0.476887	-0.399632	-0.364500	0.007541	-0.397924	-0.419656	-0.180357	-0.304206	-0.572502	-0.368169	0.327109	0.076655	0.095911	-0.280485	-0.335469	-0.376765	-0.269027	-0.353704	0.082634	-0.130598
0.000267	0.943552	0.917849	0.789492	0.922951	0.857616	0.953356	0.864279	0.736893	0.967179	0.730506	0.796516	0.894352	0.775544	0.697215	1.000000	0.690238	0.710865	0.651985	0.918576	0.589670	0.898834	0.883495	0.847048	0.694135	0.887159	0.949885	0.893887	0.786821	0.953603	0.750213	0.671747	0.963941	0.836287	0.820532	0.835703	0.725703	0.991557	0.860115	0.912837	0.708048	0.978582	0.219317	0.965337	-0.470293	0.067396	-0.408366	0.301623	0.613827	0.374001	0.310975	0.099509	0.100207	0.215512	-0.096934	-0.289580	0.393701	0.522261	0.688975	0.567876	-0.219821	0.769235	-0.620899	-0.327143	-0.284917	-0.264361	-0.056810	-0.667119	-0.722165	-0.272466	-0.605598	-0.320937	-0.301946	-0.354718	0.249514	-0.656076	-0.344105	-0.150694	-0.171601	-0.436626	-0.476676	0.229338	-0.069095	-0.011551	-0.290725	-0.425262	-0.327033	-0.257096	-0.390219	-0.231340	-0.272451
0.000448	0.739167	0.829766	0.871814	0.856262	0.841654	0.617243	0.807732	0.844857	0.620564	0.275984	0.888641	0.837548	0.925721	0.882551	0.690238	1.000000	0.340969	0.247169	0.500683	0.153542	0.507661	0.464336	0.433544	0.202336	0.459535	0.550440	0.537890	0.327075	0.734116	0.263266	0.201339	0.667796	0.383781	0.366801	0.405335	0.846048	0.674978	0.723763	0.507230	0.250454	0.608527	-0.173316	0.579538	-0.618715	-0.283396	-0.237996	0.306290	0.736280	0.436467	0.652632	0.195684	0.319768	0.530881	0.026989	-0.198048	0.714949	0.550155	0.774199	0.861861	0.101327	0.868091	-0.496854	-0.464153	-0.157103	-0.082158	0.080660	-0.531921	-0.618524	-0.176547	-0.545040	-0.326064	-0.257060	-0.221214	0.201491	-0.419371	-0.323060	-0.043519	-0.162463	-0.446127	-0.254024	0.522544	0.248705	0.216197	-0.155005	-0.222186	-0.210323	-0.111140	-0.216451	-0.044735	-0.033808
-0.000003	0.674432	0.645363	0.511014	0.575969	0.552342	0.732314	0.567459	0.432152	0.729506	0.758063	0.472756	0.616626	0.441295	0.381001	0.710865	0.340969	1.000000	0.650671	0.784183	0.619425	0.735624	0.809841	0.796573	0.739329	0.803949	0.770026	0.737154	0.725939	0.725928	0.759862	0.664429	0.705697	0.733439	0.862054	0.792894	0.421760	0.728104	0.602165	0.781988	0.697295	0.766427	0.378359	0.771890	-0.243695	0.257709	-0.390936	0.066125	0.262613	0.036764	-0.045705	-0.191688	-0.245527	-0.141377	-0.304245	-0.255485	0.061474	0.276902	0.387618	0.216063	-0.430117	0.424216	-0.510710	-0.084121	-0.309234	-0.386556	-0.281206	-0.487705	-0.453303	-0.235777	-0.400434	-0.247796	-0.281476	-0.382843	-0.017290	-0.455650	-0.213366	-0.281529	-0.202782	-0.203175	-0.438644	-0.120561	-0.335390	-0.308758	-0.255835	-0.425943	-0.388834	-0.363147	-0.423117	-0.105591	-0.344301
-0.000400	0.500464	0.540199	0.416052	0.485804	0.390939	0.720997	0.372264	0.213319	0.727685	0.844909	0.282645	0.538281	0.301426	0.181915	0.651985	0.247169	0.650671	1.000000	0.809732	0.791120	0.777283	0.752724	0.717662	0.867841	0.757962	0.765889	0.729357	0.846058	0.610994	0.856994	0.861424	0.642573	0.849253	0.807874	0.796521	0.176739	0.669272	0.469181	0.814183	0.847563	0.725504	0.655932	0.758537	-0.013190	0.546276	-0.181698	0.426861	0.398373	0.335295	0.049708	0.170481	0.026919	-0.000462	0.055138	0.019178	0.142876	0.483487	0.493883	0.206114	-0.199684	0.398835	-0.290081	0.102243	-0.016906	-0.130235	0.067226	-0.354678	-0.397636	-0.008867	-0.201695	0.073193	0.012379	-0.110899	0.398516	-0.557900	-0.022129	0.020980	0.117902	0.015855	-0.273573	0.133763	-0.074735	-0.090531	-0.036426	-0.224873	-0.039944	-0.049861	-0.159397	-0.387750	-0.175753
-0.000033	0.795564	0.813368	0.672024	0.773183	0.688902	0.946145	0.684919	0.518086	0.958054	0.903322	0.585285	0.800809	0.584303	0.473226	0.918576	0.500683	0.784183	0.809732	1.000000	0.768434	0.946430	0.929686	0.886895	0.890732	0.937069	0.976977	0.906915	0.924982	0.877186	0.917632	0.864453	0.901192	0.962248	0.939694	0.926087	0.481046	0.931074	0.739558	0.991108	0.879634	0.964229	0.466732	0.977916	-0.279864	0.317621	-0.327791	0.374608	0.532948	0.352756	0.162084	0.108758	0.028033	0.077091	-0.055703	-0.164517	0.269542	0.544820	0.643513	0.403213	-0.254381	0.635928	-0.508088	-0.117012	-0.183080	-0.231835	-0.027899	-0.558051	-0.604131	-0.164054	-0.450583	-0.153631	-0.174266	-0.270575	0.320315	-0.638344	-0.203565	-0.089742	-0.043676	-0.240043	-0.417140	0.163883	-0.107466	-0.094220	-0.183406	-0.368428	-0.225698	-0.188604	-0.315299	-0.311956	-0.254706
-0.000785	0.407768	0.444522	0.320283	0.399035	0.299635	0.665100	0.278054	0.113783	0.671390	0.832300	0.191673	0.445914	0.203146	0.078103	0.589670	0.153542	0.619425	0.791120	0.768434	1.000000	0.733168	0.727528	0.697133	0.883609	0.728557	0.716494	0.660678	0.844074	0.516098	0.868399	0.875535	0.570599	0.827895	0.773231	0.759992	0.070375	0.604382	0.391687	0.777259	0.864386	0.669573	0.728231	0.707118	0.102541	0.635896	-0.191732	0.440372	0.367156	0.362091	0.015279	0.198483	0.040332	-0.014538	0.080159	0.034929	0.084214	0.457556	0.434874	0.134162	-0.232314	0.348830	-0.231757	0.175933	-0.016631	-0.124659	0.075368	-0.325393	-0.363051	-0.035351	-0.162476	0.103346	0.035878	-0.083600	0.448564	-0.576676	-0.028490	0.016274	0.121315	0.032487	-0.276867	0.108413	-0.098795	-0.064025	-0.069015	-0.232609	-0.009280	-0.039438	-0.161955	-0.451917	-0.221741
-0.000023	0.786024	0.789044	0.653210	0.767169	0.681242	0.920089	0.676175	0.516731	0.930409	0.850193	0.581492	0.776048	0.583713	0.478410	0.898834	0.507661	0.735624	0.777283	0.946430	0.733168	1.000000	0.898100	0.856068	0.848157	0.901748	0.940963	0.883310	0.895643	0.847113	0.881537	0.830046	0.881081	0.924225	0.881020	0.885588	0.486814	0.909241	0.709137	0.942086	0.848515	0.931150	0.438754	0.941972	-0.298683	0.295008	-0.338571	0.376110	0.545767	0.383068	0.201220	0.135359	0.068205	0.125839	-0.041395	-0.180436	0.293418	0.531909	0.631110	0.423803	-0.238553	0.640640	-0.513960	-0.144854	-0.196630	-0.225952	-0.015178	-0.575874	-0.623918	-0.184066	-0.473355	-0.174453	-0.185810	-0.274166	0.337971	-0.646609	-0.229045	-0.091536	-0.059339	-0.274441	-0.420884	0.188902	-0.090385	-0.048417	-0.208207	-0.369649	-0.230359	-0.185379	-0.322940	-0.323217	-0.258881
-0.000010	0.793302	0.762616	0.609225	0.736876	0.669787	0.895640	0.672238	0.515812	0.903329	0.843779	0.577694	0.739387	0.553405	0.464683	0.883495	0.464336	0.809841	0.752724	0.929686	0.727528	0.898100	1.000000	0.894900	0.843900	0.922350	0.924101	0.874687	0.871525	0.834219	0.879794	0.801168	0.866914	0.896043	0.911167	0.902656	0.491890	0.892558	0.722931	0.924553	0.826074	0.921702	0.429882	0.928198	-0.296548	0.292258	-0.407588	0.251130	0.461954	0.271375	0.115862	0.013353	-0.040311	0.033882	-0.153766	-0.253035	0.203848	0.432270	0.546414	0.357005	-0.348606	0.593599	-0.552352	-0.161327	-0.281475	-0.314292	-0.128668	-0.590094	-0.608407	-0.254002	-0.492777	-0.246663	-0.260930	-0.349504	0.209189	-0.632376	-0.274281	-0.193054	-0.151130	-0.298487	-0.484784	0.067092	-0.207570	-0.136063	-0.280713	-0.441378	-0.327636	-0.285921	-0.408141	-0.276738	-0.337187
-0.000017	0.765657	0.714145	0.560184	0.700963	0.638594	0.852413	0.644498	0.494241	0.857253	0.797927	0.554532	0.690434	0.519879	0.441275	0.847048	0.433544	0.796573	0.717662	0.886895	0.697133	0.856068	0.894900	1.000000	0.812594	0.895303	0.877695	0.828764	0.845126	0.786151	0.851629	0.758853	0.828335	0.844156	0.872230	0.867769	0.472682	0.858645	0.684783	0.877930	0.787091	0.884033	0.416711	0.888015	-0.273596	0.288017	-0.453044	0.191195	0.422259	0.242263	0.091412	-0.025918	-0.067485	0.017074	-0.195724	-0.294823	0.162801	0.368552	0.487022	0.326951	-0.401538	0.566727	-0.555670	-0.170941	-0.331410	-0.361722	-0.175317	-0.598080	-0.593938	-0.303421	-0.509626	-0.287640	-0.308623	-0.390236	0.166202	-0.615259	-0.318816	-0.254984	-0.216729	-0.325613	-0.531193	0.020832	-0.263811	-0.145440	-0.341293	-0.478786	-0.379103	-0.336187	-0.457732	-0.273918	-0.390500
-0.000036	0.513819	0.545272	0.402707	0.491110	0.391077	0.781963	0.375486	0.186905	0.787174	0.945349	0.263053	0.545108	0.270633	0.141841	0.694135	0.202336	0.739329	0.867841	0.890732	0.883609	0.848157	0.843900	0.812594	1.000000	0.850252	0.836159	0.778566	0.945073	0.625092	0.976454	0.960935	0.687351	0.940159	0.903357	0.878801	0.138744	0.714875	0.493238	0.895711	0.948441	0.782021	0.729271	0.820848	0.002830	0.606215	-0.244823	0.404053	0.382376	0.324143	-0.009533	0.129210	-0.023289	-0.054958	0.002493	-0.029258	0.085061	0.476930	0.478217	0.159847	-0.293619	0.405556	-0.319542	0.125307	-0.081716	-0.187600	0.006347	-0.394407	-0.419777	-0.077117	-0.240049	0.030921	-0.030107	-0.157688	0.386280	-0.594256	-0.068170	-0.041322	0.067793	-0.025159	-0.338290	0.069159	-0.157159	-0.133378	-0.107469	-0.292359	-0.098960	-0.109315	-0.228735	-0.422120	-0.259383
-0.000443	0.795885	0.763062	0.607312	0.737981	0.669067	0.900819	0.674591	0.510902	0.907827	0.848005	0.575717	0.737990	0.549984	0.460509	0.887159	0.459535	0.803949	0.757962	0.937069	0.728557	0.901748	0.922350	0.895303	0.850252	1.000000	0.930259	0.878043	0.880243	0.836713	0.885747	0.805268	0.872493	0.900782	0.918037	0.906132	0.488097	0.898419	0.720586	0.930468	0.832145	0.927334	0.431447	0.934484	-0.291540	0.293276	-0.399515	0.245797	0.457406	0.263071	0.107266	0.008534	-0.044975	0.027482	-0.155701	-0.257508	0.196411	0.425659	0.542970	0.349959	-0.352063	0.588860	-0.553363	-0.153794	-0.282766	-0.314380	-0.134274	-0.586839	-0.603906	-0.251828	-0.488895	-0.239435	-0.261653	-0.351445	0.203802	-0.630153	-0.269052	-0.194642	-0.149053	-0.293493	-0.485327	0.058979	-0.212794	-0.138749	-0.277261	-0.443592	-0.328714	-0.286606	-0.407180	-0.273877	-0.338972
-0.000008	0.852678	0.850828	0.707454	0.823067	0.745286	0.959194	0.748276	0.586910	0.972914	0.857172	0.650296	0.832166	0.640777	0.541183	0.949885	0.550440	0.770026	0.765889	0.976977	0.716494	0.940963	0.924101	0.877695	0.836159	0.930259	1.000000	0.912556	0.886005	0.911633	0.872558	0.811146	0.934346	0.934918	0.915413	0.909164	0.558407	0.958305	0.789588	0.973660	0.831440	0.978112	0.385398	0.982210	-0.346991	0.229689	-0.349448	0.337440	0.545924	0.337622	0.191461	0.089209	0.031890	0.101512	-0.082104	-0.210745	0.292736	0.527495	0.648827	0.440321	-0.249889	0.668744	-0.553931	-0.183600	-0.220093	-0.247104	-0.048764	-0.593891	-0.641457	-0.195266	-0.500997	-0.211001	-0.217415	-0.304138	0.280507	-0.633994	-0.242163	-0.110537	-0.083575	-0.302203	-0.436245	0.166143	-0.108265	-0.085363	-0.211923	-0.388747	-0.266032	-0.216996	-0.341099	-0.275005	-0.257199
-0.001041	0.821194	0.805408	0.674624	0.783458	0.717290	0.897589	0.718623	0.576134	0.906852	0.794712	0.631797	0.783915	0.618740	0.533987	0.893887	0.537890	0.737154	0.729357	0.906915	0.660678	0.883310	0.874687	0.828764	0.778566	0.878043	0.912556	1.000000	0.828915	0.862598	0.815538	0.753683	0.880786	0.869058	0.854214	0.853756	0.557561	0.900069	0.755594	0.903271	0.774753	0.916571	0.353842	0.917121	-0.357616	0.204889	-0.358957	0.294547	0.515417	0.310384	0.193279	0.064292	0.016402	0.101334	-0.107234	-0.238883	0.288494	0.484782	0.613157	0.435603	-0.258015	0.640164	-0.564380	-0.200853	-0.245096	-0.262144	-0.073497	-0.600958	-0.644457	-0.211678	-0.517162	-0.237937	-0.239769	-0.323979	0.241189	-0.611330	-0.262955	-0.138122	-0.116260	-0.320596	-0.443709	0.149837	-0.122012	-0.086060	-0.232261	-0.395424	-0.291529	-0.240396	-0.358771	-0.241845	-0.262755
-0.000092	0.616399	0.636116	0.493786	0.600068	0.500873	0.846217	0.485261	0.307955	0.854359	0.907864	0.386592	0.632060	0.389751	0.267199	0.786821	0.327075	0.725939	0.846058	0.924982	0.844074	0.895643	0.871525	0.845126	0.945073	0.880243	0.886005	0.828915	1.000000	0.709249	0.954899	0.925708	0.769095	0.950654	0.890495	0.888311	0.262669	0.801711	0.582474	0.922609	0.927958	0.853244	0.631784	0.880851	-0.108855	0.492889	-0.288197	0.423714	0.473071	0.391771	0.101082	0.166476	0.049672	0.049827	0.013030	-0.085805	0.186874	0.509976	0.548382	0.277390	-0.260626	0.513535	-0.394263	0.015297	-0.121188	-0.193994	0.021791	-0.478444	-0.515960	-0.124956	-0.342532	-0.047923	-0.084694	-0.194339	0.410604	-0.638380	-0.144100	-0.053348	0.020155	-0.133815	-0.374775	0.145170	-0.112680	-0.063221	-0.160018	-0.323261	-0.141557	-0.127894	-0.265403	-0.416524	-0.266506
0.000113	0.950829	0.963683	0.855262	0.925473	0.882548	0.918623	0.891659	0.784879	0.929030	0.700081	0.828210	0.932984	0.822659	0.753634	0.953603	0.734116	0.725928	0.610994	0.877186	0.516098	0.847113	0.834219	0.786151	0.625092	0.836713	0.911633	0.862598	0.709249	1.000000	0.673814	0.604719	0.938863	0.779255	0.809326	0.798594	0.784344	0.953565	0.872075	0.877221	0.641382	0.940255	0.141015	0.926197	-0.533302	-0.011477	-0.353695	0.262648	0.584259	0.276097	0.288870	0.028466	0.029500	0.160623	-0.139303	-0.275998	0.409134	0.532932	0.715398	0.588600	-0.190170	0.756510	-0.639464	-0.332401	-0.262804	-0.256449	-0.090684	-0.641732	-0.703370	-0.220329	-0.592466	-0.316000	-0.300895	-0.358772	0.159083	-0.563882	-0.298482	-0.136104	-0.154504	-0.402601	-0.434852	0.209123	-0.061722	-0.087941	-0.212085	-0.390510	-0.330718	-0.258597	-0.361260	-0.095340	-0.198267
0.000041	0.578869	0.593831	0.442837	0.551981	0.455284	0.822565	0.441734	0.257314	0.828415	0.928589	0.334676	0.589017	0.332893	0.210925	0.750213	0.263266	0.759862	0.856994	0.917632	0.868399	0.881537	0.879794	0.851629	0.976454	0.885747	0.872558	0.815538	0.954899	0.673814	1.000000	0.940798	0.737867	0.950263	0.918100	0.896993	0.210464	0.770290	0.543717	0.917467	0.943730	0.829507	0.675874	0.862621	-0.055340	0.543959	-0.288953	0.377732	0.412483	0.335910	0.031839	0.115779	-0.010438	-0.016134	-0.026154	-0.086403	0.116972	0.459989	0.491972	0.209029	-0.309934	0.457020	-0.371542	0.065027	-0.131880	-0.220025	-0.017340	-0.446454	-0.465268	-0.120433	-0.302131	-0.034841	-0.082902	-0.204187	0.365850	-0.615511	-0.124345	-0.079432	0.014501	-0.092318	-0.383150	0.076892	-0.168956	-0.118053	-0.160695	-0.332142	-0.154946	-0.150646	-0.276451	-0.414711	-0.289198
0.000134	0.479699	0.528177	0.398077	0.474788	0.365754	0.762601	0.344455	0.158896	0.771059	0.921130	0.238898	0.531527	0.258793	0.121964	0.671747	0.201339	0.664429	0.861424	0.864453	0.875535	0.830046	0.801168	0.758853	0.960935	0.805268	0.811146	0.753683	0.925708	0.604719	0.940798	1.000000	0.665625	0.931076	0.852909	0.841741	0.109321	0.690883	0.467467	0.871647	0.937545	0.754513	0.752148	0.795872	0.035414	0.642311	-0.168140	0.502364	0.419872	0.395562	0.038503	0.229146	0.059380	-0.000263	0.105962	0.055738	0.130980	0.537372	0.512894	0.177882	-0.196176	0.400973	-0.267284	0.169278	0.012397	-0.100239	0.110087	-0.350585	-0.407685	-0.001622	-0.185655	0.124117	0.056735	-0.076421	0.488808	-0.596349	-0.005548	0.059870	0.165188	0.033947	-0.264461	0.155815	-0.059142	-0.062289	-0.024620	-0.216660	0.006452	-0.012233	-0.137747	-0.460649	-0.182672
0.000225	0.924825	0.903060	0.780250	0.900480	0.840046	0.934000	0.852008	0.723407	0.947551	0.727909	0.776498	0.880738	0.756911	0.680676	0.963941	0.667796	0.705697	0.642573	0.901192	0.570599	0.881081	0.866914	0.828335	0.687351	0.872493	0.934346	0.880786	0.769095	0.938863	0.737867	0.665625	1.000000	0.827100	0.813901	0.825089	0.711885	0.964281	0.849962	0.896416	0.694894	0.953586	0.208925	0.942560	-0.477965	0.062733	-0.388386	0.282692	0.584515	0.335613	0.280870	0.075723	0.069483	0.180653	-0.111610	-0.284218	0.371696	0.509041	0.675238	0.543097	-0.219385	0.740179	-0.620675	-0.317080	-0.279692	-0.261958	-0.070017	-0.651467	-0.706216	-0.254618	-0.594182	-0.316573	-0.296097	-0.353744	0.221052	-0.618030	-0.322657	-0.145990	-0.164292	-0.421744	-0.460792	0.204691	-0.079952	-0.040830	-0.266570	-0.413264	-0.328033	-0.255257	-0.381529	-0.197211	-0.251854
0.000119	0.675617	0.709356	0.570242	0.665946	0.565713	0.897006	0.552353	0.370129	0.908373	0.930741	0.445553	0.705844	0.456098	0.328614	0.836287	0.383781	0.733439	0.849253	0.962248	0.827895	0.924225	0.896043	0.844156	0.940159	0.900782	0.934918	0.869058	0.950654	0.779255	0.950263	0.931076	0.827100	1.000000	0.915632	0.909430	0.324938	0.851673	0.644409	0.962957	0.924966	0.897164	0.582822	0.923110	-0.164473	0.445720	-0.255391	0.450013	0.507411	0.391871	0.124914	0.175769	0.058513	0.059973	0.025307	-0.070223	0.227906	0.561862	0.609924	0.322566	-0.214466	0.554636	-0.413438	-0.006404	-0.095200	-0.165280	0.045369	-0.478451	-0.534607	-0.089638	-0.349987	-0.038643	-0.072212	-0.184204	0.410445	-0.623410	-0.118933	-0.012835	0.054172	-0.133192	-0.347885	0.181703	-0.070723	-0.067219	-0.109731	-0.298435	-0.123250	-0.102928	-0.234319	-0.384311	-0.213564
-0.000055	0.718093	0.723834	0.569681	0.652687	0.585905	0.865999	0.590675	0.417017	0.869145	0.916364	0.474370	0.700677	0.463948	0.362915	0.820532	0.366801	0.862054	0.807874	0.939694	0.773231	0.881020	0.911167	0.872230	0.903357	0.918037	0.915413	0.854214	0.890495	0.809326	0.918100	0.852909	0.813901	0.915632	1.000000	0.923265	0.385279	0.839838	0.658232	0.939812	0.867586	0.888901	0.515851	0.907282	-0.200898	0.377640	-0.305446	0.249371	0.374379	0.174099	0.000126	-0.040186	-0.136382	-0.089595	-0.159775	-0.162607	0.118818	0.421653	0.510662	0.250115	-0.346284	0.489625	-0.473270	-0.016570	-0.193411	-0.284247	-0.136565	-0.475258	-0.489241	-0.140055	-0.358399	-0.117957	-0.166209	-0.287433	0.170373	-0.547753	-0.137963	-0.145265	-0.048571	-0.135693	-0.406093	-0.003551	-0.225346	-0.237356	-0.152944	-0.372436	-0.254634	-0.241554	-0.322813	-0.234942	-0.275253
0.000634	0.728746	0.726504	0.574691	0.679113	0.603778	0.872787	0.601732	0.436135	0.878375	0.878347	0.499163	0.705024	0.489368	0.387582	0.835703	0.405335	0.792894	0.796521	0.926087	0.759992	0.885588	0.902656	0.867769	0.878801	0.906132	0.909164	0.853756	0.888311	0.798594	0.896993	0.841741	0.825089	0.909430	0.923265	1.000000	0.405267	0.851098	0.668785	0.924524	0.854365	0.889510	0.497197	0.905000	-0.228344	0.359458	-0.338433	0.288361	0.434567	0.256947	0.075328	0.032959	-0.052676	-0.005641	-0.112152	-0.181526	0.176212	0.454369	0.540304	0.309190	-0.312249	0.542084	-0.481778	-0.071871	-0.201512	-0.266605	-0.091093	-0.520821	-0.542827	-0.165559	-0.404041	-0.147885	-0.176229	-0.285937	0.234259	-0.597432	-0.186006	-0.130069	-0.064188	-0.192905	-0.407988	0.068572	-0.182011	-0.156212	-0.189486	-0.378495	-0.254387	-0.225913	-0.333351	-0.282597	-0.287469
0.000144	0.870857	0.819604	0.804051	0.861190	0.894961	0.605528	0.913037	0.939661	0.617712	0.218925	0.942762	0.785187	0.907364	0.931285	0.725703	0.846048	0.421760	0.176739	0.481046	0.070375	0.486814	0.491890	0.472682	0.138744	0.488097	0.558407	0.557561	0.262669	0.784344	0.210464	0.109321	0.711885	0.324938	0.385279	0.405267	1.000000	0.705398	0.792697	0.481805	0.171835	0.641910	-0.295928	0.598977	-0.742257	-0.422269	-0.417533	0.011294	0.525262	0.173985	0.434897	-0.061851	0.086853	0.313663	-0.233674	-0.443025	0.495113	0.324360	0.574233	0.698988	-0.128638	0.748855	-0.690920	-0.611034	-0.402186	-0.285618	-0.174295	-0.679035	-0.725479	-0.367752	-0.714671	-0.547638	-0.475743	-0.440634	-0.076701	-0.427936	-0.475041	-0.254116	-0.376989	-0.637956	-0.443286	0.219556	-0.026914	0.028298	-0.356403	-0.410118	-0.460226	-0.353144	-0.432127	0.122425	-0.197716
0.000249	0.935732	0.913470	0.782083	0.912822	0.846366	0.958753	0.852846	0.720124	0.971575	0.750313	0.780149	0.890506	0.760270	0.678874	0.991557	0.674978	0.728104	0.669272	0.931074	0.604382	0.909241	0.892558	0.858645	0.714875	0.898419	0.958305	0.900069	0.801711	0.953565	0.770290	0.690883	0.964281	0.851673	0.839838	0.851098	0.705398	1.000000	0.848971	0.925084	0.726445	0.982407	0.240361	0.971267	-0.454527	0.086729	-0.404661	0.303197	0.604137	0.367345	0.295084	0.091969	0.086706	0.199023	-0.101319	-0.282567	0.380769	0.519679	0.683349	0.552109	-0.229981	0.757656	-0.613749	-0.308731	-0.280280	-0.268107	-0.061812	-0.658176	-0.709562	-0.264553	-0.593247	-0.309555	-0.294823	-0.352600	0.249375	-0.652436	-0.332495	-0.151828	-0.165225	-0.418903	-0.475141	0.217595	-0.079743	-0.025585	-0.283992	-0.424407	-0.324692	-0.257468	-0.389291	-0.235152	-0.274987
-0.000997	0.882945	0.868638	0.790931	0.868988	0.851856	0.808382	0.864896	0.786992	0.819090	0.551156	0.825110	0.843280	0.802915	0.761670	0.860115	0.723763	0.602165	0.469181	0.739558	0.391687	0.709137	0.722931	0.684783	0.493238	0.720586	0.789588	0.755594	0.582474	0.872075	0.543717	0.467467	0.849962	0.644409	0.658232	0.668785	0.792697	0.848971	1.000000	0.736794	0.503288	0.824692	0.025539	0.803311	-0.586532	-0.120220	-0.385742	0.183526	0.553458	0.262074	0.331180	0.009383	0.059942	0.218193	-0.156973	-0.331840	0.418254	0.455770	0.640705	0.592443	-0.177341	0.735347	-0.644427	-0.425021	-0.315836	-0.263455	-0.108955	-0.652864	-0.705218	-0.281697	-0.632283	-0.398596	-0.357473	-0.378243	0.099731	-0.521855	-0.365417	-0.179955	-0.232800	-0.488295	-0.440211	0.211070	-0.055008	-0.027981	-0.279165	-0.403006	-0.372924	-0.287910	-0.389595	-0.061299	-0.214417
0.000104	0.790544	0.817424	0.681598	0.773408	0.689176	0.942684	0.683330	0.519408	0.955771	0.911524	0.586519	0.805590	0.589457	0.476653	0.912837	0.507230	0.781988	0.814183	0.991108	0.777259	0.942086	0.924553	0.877930	0.895711	0.930468	0.973660	0.903271	0.922609	0.877221	0.917467	0.871647	0.896416	0.962957	0.939812	0.924524	0.481805	0.925084	0.736794	1.000000	0.884025	0.958900	0.479343	0.974866	-0.271715	0.331166	-0.321803	0.387859	0.542783	0.357111	0.164385	0.116770	0.031053	0.077183	-0.047708	-0.152376	0.276806	0.564414	0.659740	0.410763	-0.249814	0.641621	-0.503084	-0.110869	-0.173212	-0.225419	-0.020470	-0.556049	-0.604984	-0.157190	-0.442773	-0.141375	-0.164187	-0.262844	0.329603	-0.643362	-0.197098	-0.080102	-0.032804	-0.230801	-0.411483	0.172901	-0.099949	-0.093831	-0.171895	-0.362896	-0.214141	-0.180758	-0.307606	-0.316894	-0.249116
0.000221	0.530144	0.565564	0.429913	0.517236	0.414765	0.786487	0.395489	0.218726	0.790904	0.911540	0.296000	0.564624	0.308379	0.181607	0.708048	0.250454	0.697295	0.847563	0.879634	0.864386	0.848515	0.826074	0.787091	0.948441	0.832145	0.831440	0.774753	0.927958	0.641382	0.943730	0.937545	0.694894	0.924966	0.867586	0.854365	0.171835	0.726445	0.503288	0.884025	1.000000	0.784686	0.694682	0.821776	-0.026718	0.575062	-0.232210	0.445645	0.430836	0.376038	0.053068	0.179219	0.037325	0.009930	0.042483	-0.016113	0.146662	0.509503	0.514698	0.215833	-0.242696	0.441835	-0.325116	0.096920	-0.063116	-0.156727	0.049656	-0.407771	-0.449182	-0.066636	-0.256604	0.035196	-0.018968	-0.142224	0.431035	-0.607234	-0.072894	-0.008588	0.084382	-0.043850	-0.322293	0.132330	-0.103154	-0.077766	-0.096139	-0.271899	-0.074153	-0.078853	-0.207476	-0.426239	-0.231269
0.000646	0.906502	0.882558	0.740777	0.867297	0.799166	0.961633	0.806477	0.660951	0.976151	0.808877	0.719782	0.857606	0.700237	0.614839	0.978582	0.608527	0.766427	0.725504	0.964229	0.669573	0.931150	0.921702	0.884033	0.782021	0.927334	0.978112	0.916571	0.853244	0.940255	0.829507	0.754513	0.953586	0.897164	0.888901	0.889510	0.641910	0.982407	0.824692	0.958900	0.784686	1.000000	0.314827	0.990830	-0.408728	0.158548	-0.400006	0.296570	0.561540	0.333314	0.224246	0.066846	0.036576	0.130586	-0.117420	-0.270778	0.318396	0.506675	0.653519	0.486307	-0.269719	0.707715	-0.603974	-0.254116	-0.276168	-0.282348	-0.081315	-0.645890	-0.690312	-0.250515	-0.566585	-0.282129	-0.278012	-0.352731	0.244389	-0.654826	-0.304434	-0.156872	-0.147423	-0.377218	-0.481427	0.164537	-0.124453	-0.074995	-0.271905	-0.430635	-0.322121	-0.264291	-0.392039	-0.247375	-0.290213
0.000509	0.017203	0.073994	-0.019642	0.024814	-0.077268	0.327657	-0.102525	-0.252316	0.331530	0.642447	-0.178666	0.089281	-0.151119	-0.273149	0.219317	-0.173316	0.378359	0.655932	0.466732	0.728231	0.438754	0.429882	0.416711	0.729271	0.431447	0.385398	0.353842	0.631784	0.141015	0.675874	0.752148	0.208925	0.582822	0.515851	0.497197	-0.295928	0.240361	0.025539	0.479343	0.694682	0.314827	1.000000	0.369295	0.445752	0.851857	-0.000864	0.460731	0.154147	0.319387	-0.137490	0.269152	0.046675	-0.115274	0.219014	0.260599	-0.094963	0.333067	0.191233	-0.138715	-0.149000	0.030393	0.093115	0.467817	0.183916	0.022828	0.190893	-0.023900	-0.053547	0.132038	0.176012	0.383294	0.268796	0.135848	0.518521	-0.424438	0.186073	0.151967	0.306150	0.328467	-0.067852	0.051206	-0.053357	-0.035556	0.094322	-0.038679	0.233985	0.141709	0.051671	-0.512579	-0.126796
-0.000157	0.878165	0.865278	0.722593	0.843559	0.769577	0.960668	0.773312	0.622527	0.975789	0.841824	0.683909	0.843022	0.669155	0.576810	0.965337	0.579538	0.771890	0.758537	0.977916	0.707118	0.941972	0.928198	0.888015	0.820848	0.934484	0.982210	0.917121	0.880851	0.926197	0.862621	0.795872	0.942560	0.923110	0.907282	0.905000	0.598977	0.971267	0.803311	0.974866	0.821776	0.990830	0.369295	1.000000	-0.373005	0.212146	-0.380852	0.323608	0.558035	0.343215	0.207036	0.081803	0.035965	0.115476	-0.099010	-0.241397	0.305139	0.522588	0.655597	0.464382	-0.267370	0.690200	-0.582515	-0.212903	-0.250773	-0.269188	-0.064744	-0.626360	-0.672885	-0.226516	-0.537004	-0.244858	-0.248064	-0.331469	0.272377	-0.658156	-0.275320	-0.135616	-0.115571	-0.339902	-0.466669	0.165346	-0.121895	-0.079642	-0.247625	-0.415728	-0.295386	-0.242878	-0.372272	-0.270195	-0.281366
0.000545	-0.607714	-0.556699	-0.569153	-0.580142	-0.642090	-0.386704	-0.653123	-0.706686	-0.392969	-0.074920	-0.678581	-0.524779	-0.648063	-0.711204	-0.470293	-0.618715	-0.243695	-0.013190	-0.279864	0.102541	-0.298683	-0.296548	-0.273596	0.002830	-0.291540	-0.346991	-0.357616	-0.108855	-0.533302	-0.055340	0.035414	-0.477965	-0.164473	-0.200898	-0.228344	-0.742257	-0.454527	-0.586532	-0.271715	-0.026718	-0.408728	0.445752	-0.373005	1.000000	0.586462	0.339124	0.166808	-0.318794	0.018680	-0.333916	0.204291	0.017739	-0.221826	0.323882	0.486274	-0.375448	-0.139510	-0.359517	-0.535818	0.086708	-0.513795	0.667882	0.675407	0.422411	0.269050	0.257452	0.593020	0.613853	0.341791	0.701706	0.617692	0.508318	0.445929	0.276667	0.147502	0.446810	0.287644	0.429124	0.643520	0.347122	-0.106500	0.050923	0.025848	0.313402	0.329667	0.513443	0.375261	0.402573	-0.318608	0.110126
0.000097	-0.135319	-0.069335	-0.144370	-0.117536	-0.217120	0.177248	-0.243976	-0.378280	0.176934	0.518794	-0.309076	-0.047855	-0.275891	-0.393891	0.067396	-0.283396	0.257709	0.546276	0.317621	0.635896	0.295008	0.292258	0.288017	0.606215	0.293276	0.229689	0.204889	0.492889	-0.011477	0.543959	0.642311	0.062733	0.445720	0.377640	0.359458	-0.422269	0.086729	-0.120220	0.331166	0.575062	0.158548	0.851857	0.212146	0.586462	1.000000	0.085068	0.441926	0.064232	0.281334	-0.183303	0.287221	0.053882	-0.135271	0.266737	0.342904	-0.151589	0.260304	0.087989	-0.231424	-0.093121	-0.088917	0.233023	0.547182	0.263646	0.092151	0.228417	0.122955	0.096899	0.193867	0.318128	0.477720	0.351844	0.223723	0.513498	-0.326465	0.265492	0.203724	0.362678	0.434820	0.030067	0.031813	-0.020811	-0.016614	0.161820	0.052853	0.326607	0.215432	0.146136	-0.512924	-0.066460
